block_seq_num,block_var_num,block_route_num,block_run_num
3984051,1,167,1
3984052,1,167,3
3984053,1,167,4
3984054,1,167,2
3984055,1,113,6
3984056,1,113,2
3984057,1,113,4
3984058,1,113,1
3984059,1,37,2
3984060,1,37,1
3984061,1,37,3
3984062,1,37,6
3984063,1,37,7
3984064,1,113,5
3984065,1,125,1
3984066,1,125,2
3984067,1,125,3
3984067,2,125,3
3984068,1,125,4
3984069,1,125,6
3984070,1,37,8
3984071,1,37,4
3984072,1,37,5
3984073,1,24,3
3984074,1,24,8
3984075,1,24,10
3984076,1,24,1
3984077,1,24,2
3984078,1,24,4
3984079,1,24,5
3984080,1,24,6
3984081,1,124,1
3984082,1,124,2
3984083,1,24,16
3984084,1,124,3
3984085,1,124,4
3984086,1,24,18
3984087,1,24,21
3984088,1,24,22
3984089,1,121,15
3984090,1,122,7
3984091,1,123,6
3984092,1,121,1
3984093,1,123,5
3984094,1,121,2
3984095,1,122,6
3984096,1,123,1
3984097,1,121,11
3984097,2,121,11
3984098,1,121,14
3984099,1,121,3
3984100,1,121,4
3984100,2,121,4
3984101,1,121,12
3984102,1,121,5
3984103,1,123,3
3984104,1,122,1
3984105,1,122,5
3984106,1,121,13
3984107,1,121,9
3984108,1,123,2
3984109,1,122,2
3984110,1,121,10
3984111,1,123,4
3984112,1,113,3
3984113,1,122,4
3984114,1,122,3
3984115,1,121,6
3984116,1,121,7
3984117,1,121,8
3984118,1,26,16
3984119,1,64,14
3984120,1,64,13
3984121,1,64,12
3984122,1,64,11
3984123,1,64,10
3984124,1,64,9
3984125,1,64,8
3984126,1,64,6
3984127,1,64,5
3984128,1,64,4
3984129,1,64,3
3984130,1,64,2
3984131,1,64,1
3984132,1,64,7
3984133,1,125,5
3984134,1,29,1
3984135,1,29,11
3984136,1,29,9
3984137,1,29,2
3984138,1,29,7
3984139,1,29,13
3984140,1,29,3
3984141,1,29,10
3984142,1,29,4
3984143,1,29,8
3984144,1,29,12
3984145,1,29,5
3984146,1,29,6
3984147,1,24,7
3984148,1,19,3
3984149,1,24,9
3984150,1,24,12
3984151,1,24,11
3984152,1,19,4
3984153,1,24,19
3984154,1,19,2
3984155,1,24,15
3984156,1,99,3
3984157,1,99,2
3984158,1,99,1
3984159,1,99,4
3984160,1,8,1
3984161,1,8,2
3984162,1,8,15
3984163,1,8,3
3984164,1,8,17
3984165,1,8,4
3984166,1,8,6
3984167,1,8,5
3984168,1,8,7
3984169,1,8,8
3984170,1,8,9
3984171,1,8,10
3984172,1,8,11
3984173,1,8,16
3984174,1,8,19
3984175,1,8,12
3984176,1,8,13
3984177,1,8,14
3984178,1,8,18
3984179,1,28,6
3984180,1,28,5
3984181,1,16,14
3984182,1,28,18
3984183,1,26,2
3984184,1,28,34
3984185,1,28,21
3984186,1,28,28
3984187,1,28,10
3984188,1,28,25
3984189,1,26,9
3984190,1,26,11
3984191,1,26,22
3984192,1,26,21
3984193,1,28,4
3984194,1,28,36
3984195,1,28,14
3984196,1,28,3
3984197,1,26,15
3984198,1,28,27
3984199,1,28,11
3984200,1,26,3
3984201,1,28,22
3984202,1,28,12
3984203,1,26,17
3984204,1,28,16
3984205,1,28,20
3984206,1,26,18
3984207,1,26,8
3984208,1,26,5
3984209,1,26,23
3984210,1,28,24
3984211,1,28,9
3984212,1,26,24
3984213,1,26,4
3984214,1,28,8
3984215,1,28,26
3984216,1,28,2
3984217,1,26,19
3984218,1,26,6
3984219,1,26,13
3984220,1,28,17
3984221,1,26,20
3984222,1,28,13
3984223,1,26,10
3984224,1,28,33
3984225,1,28,31
3984226,1,26,1
3984227,1,28,15
3984228,1,26,14
3984229,1,26,7
3984230,1,28,35
3984231,1,28,32
3984232,1,28,19
3984233,1,26,12
3984234,1,28,29
3984235,1,28,1
3984236,1,28,7
3984237,1,28,23
3984238,1,9,1
3984239,1,9,2
3984240,1,9,3
3984241,1,9,4
3984242,1,9,5
3984243,1,9,6
3984244,1,9,7
3984245,1,9,8
3984246,1,9,9
3984247,1,9,10
3984248,1,9,11
3984249,1,9,12
3984250,1,9,13
3984251,1,11,5
3984252,1,11,6
3984253,1,11,3
3984254,1,11,7
3984255,1,11,2
3984256,1,11,1
3984257,1,11,4
3984258,1,16,1
3984259,1,16,2
3984260,1,16,3
3984261,1,16,4
3984262,1,16,5
3984263,1,16,6
3984264,1,16,9
3984265,1,16,7
3984266,1,16,8
3984267,1,16,10
3984268,1,16,11
3984269,1,16,12
3984270,1,16,13
3984271,1,16,15
3984272,1,16,16
3984273,1,16,17
3984274,1,25,2
3984275,1,25,1
3984276,1,25,5
3984277,1,25,3
3984278,1,25,4
3984279,1,99,5
3984280,1,28,30
3984281,1,19,1
3984282,1,33,15
3984283,1,33,8
3984284,1,33,4
3984285,1,33,13
3984286,1,33,3
3984287,1,33,14
3984288,1,33,6
3984289,1,33,2
3984290,1,33,11
3984291,1,33,1
3984292,1,33,5
3984293,1,33,7
3984294,1,33,12
3984295,1,33,10
3984296,1,33,9
3984297,1,24,14
3984298,1,24,13
3984299,1,24,17
3984300,1,24,20
3984357,1,24,2
3984358,1,24,5
3984359,1,24,1
3984360,1,24,3
3984361,1,24,4
3984362,1,26,1
3984363,1,28,3
3984364,1,26,4
3984365,1,26,3
3984366,1,26,5
3984367,1,26,6
3984368,1,28,1
3984369,1,28,2
3984370,1,26,7
3984371,1,28,5
3984372,1,28,4
3984373,1,28,6
3984374,1,26,2
3984375,1,24,6
3984376,1,8,1
3984377,1,8,2
3984378,1,8,3
3984379,1,8,4
3984380,1,8,5
3984381,1,8,6
3984382,1,8,7
3984383,1,8,9
3984384,1,8,11
3984385,1,8,12
3984386,1,8,14
3984387,1,8,13
3984388,1,125,1
3984389,1,125,3
3984390,1,125,2
3984391,1,28,7
3984392,1,8,8
3984393,1,8,10
3984394,1,11,5
3984395,1,11,2
3984396,1,11,1
3984397,1,11,3
3984398,1,11,4
3984399,1,16,1
3984400,1,16,2
3984401,1,16,3
3984402,1,16,4
3984403,1,16,5
3984404,1,16,6
3984405,1,16,7
3984406,1,16,8
3984407,1,16,9
3984408,1,33,1
3984409,1,33,2
3984410,1,33,4
3984411,1,33,3
3984412,1,24,7
3984461,1,24,1
3984462,1,24,3
3984463,1,24,2
3984464,1,24,8
3984465,1,26,3
3984466,1,26,7
3984467,1,28,2
3984468,1,28,1
3984469,1,26,2
3984470,1,28,5
3984471,1,28,4
3984472,1,28,6
3984473,1,26,5
3984474,1,26,6
3984475,1,26,1
3984476,1,26,4
3984477,1,24,6
3984478,1,24,4
3984479,1,24,5
3984480,1,28,7
3984481,1,28,3
3984482,1,8,2
3984483,1,8,4
3984484,1,8,3
3984485,1,8,6
3984486,1,8,7
3984487,1,125,2
3984488,1,125,1
3984489,1,125,3
3984490,1,8,5
3984491,1,8,1
3984492,1,11,1
3984493,1,11,2
3984494,1,11,3
3984495,1,16,1
3984496,1,16,2
3984497,1,16,3
3984498,1,16,4
3984499,1,16,5
3984500,1,16,6
3984501,1,16,7
3984502,1,16,8
3984503,1,33,3
3984504,1,33,2
3984505,1,33,1
3984506,1,33,4
3984507,1,24,7
3984508,1,8,8
3984601,1,98,2
3984602,1,98,3
3984603,1,98,1
3984604,1,98,2
3984605,1,98,3
3984606,1,98,1
3984607,1,98,1
3984608,1,98,2
3984609,1,98,1
3984610,1,98,2
3986003,1,5,3
3986004,1,5,1
3986005,1,5,15
3986006,1,5,14
3986007,1,5,12
3986008,1,5,11
3986009,1,5,10
3986010,1,5,8
3986011,1,5,9
3986012,1,5,7
3986013,1,5,6
3986014,1,5,5
3986015,1,5,4
3986016,1,5,2
3986017,1,5,13
3986018,1,675,1
3986019,1,675,2
3986020,1,675,3
3986021,1,675,4
3986022,1,675,5
3986023,1,675,6
3986024,1,675,11
3986025,1,675,12
3986026,1,675,15
3986027,1,675,16
3986028,1,40,1
3986029,1,40,3
3986030,1,40,2
3986031,1,40,5
3986032,1,40,4
3986033,1,40,6
3986034,1,40,8
3986035,1,40,7
3986036,1,40,10
3986037,1,40,9
3986038,1,40,12
3986039,1,40,11
3986040,1,40,14
3986041,1,40,13
3986042,1,5,16
3986043,1,60,3
3986044,1,60,4
3986045,1,60,5
3986046,1,60,6
3986047,1,60,2
3986048,1,60,1
3986049,1,673,1
3986050,1,673,2
3986051,1,673,3
3986052,1,673,4
3986053,1,673,5
3986054,1,673,6
3986055,1,673,7
3986056,1,673,8
3986057,1,673,9
3986058,1,673,11
3986059,1,673,13
3986060,1,673,14
3986061,1,673,15
3986062,1,673,16
3986063,1,673,17
3986064,1,673,18
3986065,1,673,19
3986066,1,675,9
3986067,1,675,7
3986068,1,675,8
3986069,1,675,10
3986070,1,675,14
3986071,1,675,13
3986072,1,673,10
3986073,1,673,12
3986074,1,48,2
3986075,1,48,1
3986076,1,48,3
3986077,1,48,4
3986078,1,48,5
3986079,1,48,7
3986080,1,48,6
3986081,1,48,9
3986082,1,48,8
3986083,1,48,10
3986084,1,48,11
3986169,1,40,1
3986170,1,40,5
3986171,1,40,2
3986172,1,40,6
3986173,1,5,19
3986174,1,5,18
3986175,1,675,1
3986176,1,675,2
3986177,1,675,3
3986178,1,675,4
3986179,1,675,8
3986180,1,675,12
3986181,1,675,13
3986182,1,5,21
3986183,1,60,3
3986184,1,60,4
3986185,1,60,5
3986186,1,60,2
3986187,1,60,1
3986188,1,673,1
3986189,1,673,2
3986190,1,673,3
3986191,1,673,4
3986192,1,673,5
3986193,1,673,6
3986194,1,673,7
3986195,1,673,8
3986196,1,673,9
3986197,1,673,10
3986198,1,673,11
3986199,1,673,12
3986200,1,673,13
3986201,1,673,16
3986202,1,673,17
3986203,1,675,6
3986204,1,675,5
3986205,1,675,7
3986206,1,675,9
3986207,1,675,10
3986208,1,673,14
3986209,1,675,11
3986210,1,673,15
3986211,1,5,3
3986212,1,5,4
3986213,1,5,1
3986214,1,5,6
3986215,1,5,9
3986216,1,5,10
3986217,1,5,8
3986218,1,5,12
3986219,1,5,11
3986220,1,5,2
3986221,1,5,5
3986222,1,5,7
3986223,1,5,16
3986224,1,5,14
3986225,1,5,13
3986226,1,5,15
3986227,1,5,17
3986228,1,5,20
3986229,1,40,4
3986230,1,40,3
3986231,1,40,8
3986232,1,40,9
3986233,1,40,14
3986234,1,40,10
3986235,1,40,13
3986236,1,40,11
3986237,1,40,12
3986238,1,48,1
3986239,1,48,2
3986240,1,48,3
3986241,1,48,5
3986242,1,48,4
3986243,1,48,7
3986244,1,48,6
3986245,1,48,8
3986246,1,48,9
3986247,1,48,10
3986248,1,48,11
3986249,1,48,12
3986250,1,40,7
3986739,1,190,6
3986740,1,150,27
3986741,1,105,1
3986742,1,107,1
3986742,2,107,1
3986743,1,150,4
3986744,1,111,3
3986745,1,101,3
3986746,1,150,24
3986747,1,183,2
3986748,1,150,2
3986749,1,150,23
3986750,1,107,8
3986751,1,106,14
3986752,1,182,2
3986753,1,111,6
3986754,1,102,3
3986755,1,150,5
3986756,1,150,12
3986757,1,143,9
3986758,1,106,6
3986759,1,179,4
3986760,1,107,5
3986761,1,101,4
3986762,1,106,15
3986763,1,106,5
3986764,1,150,19
3986765,1,143,4
3986766,1,179,2
3986767,1,150,21
3986768,1,150,22
3986769,1,102,1
3986770,1,106,9
3986771,1,101,2
3986772,1,179,3
3986773,1,107,4
3986774,1,106,8
3986775,1,107,2
3986775,2,107,2
3986776,1,159,2
3986777,1,105,2
3986777,2,105,2
3986778,1,101,8
3986779,1,183,1
3986780,1,178,4
3986781,1,186,4
3986782,1,111,5
3986783,1,111,13
3986784,1,101,7
3986785,1,106,3
3986786,1,102,5
3986787,1,101,1
3986788,1,106,16
3986789,1,143,3
3986790,1,159,4
3986791,1,111,10
3986792,1,106,2
3986793,1,114,6
3986794,1,159,5
3986795,1,111,12
3986796,1,182,1
3986797,1,183,6
3986798,1,107,3
3986799,1,179,1
3986799,2,179,1
3986800,1,154,2
3986801,1,190,1
3986802,1,114,2
3986802,2,114,2
3986803,1,111,9
3986804,1,157,1
3986805,1,106,10
3986806,1,154,1
3986807,1,107,6
3986808,1,952,8
3986809,1,186,2
3986810,1,157,3
3986811,1,952,6
3986812,1,183,3
3986813,1,107,9
3986813,2,107,9
3986814,1,111,1
3986815,1,143,7
3986816,1,158,2
3986817,1,114,4
3986818,1,159,1
3986819,1,190,7
3986820,1,150,1
3986821,1,159,3
3986822,1,159,7
3986823,1,158,3
3986823,2,158,3
3986824,1,952,3
3986825,1,114,3
3986826,1,952,7
3986827,1,114,1
3986828,1,158,4
3986829,1,150,9
3986829,2,150,9
3986830,1,190,2
3986831,1,143,6
3986832,1,106,1
3986833,1,101,10
3986834,1,106,4
3986835,1,111,2
3986836,1,178,7
3986837,1,150,3
3986838,1,186,1
3986839,1,150,14
3986840,1,183,4
3986841,1,182,4
3986842,1,192,3
3986843,1,111,4
3986844,1,143,11
3986845,1,157,2
3986846,1,180,10
3986847,1,190,3
3986848,1,143,1
3986849,1,178,9
3986850,1,150,6
3986851,1,952,2
3986852,1,143,5
3986853,1,190,4
3986854,1,101,12
3986855,1,158,1
3986856,1,190,5
3986857,1,952,1
3986858,1,111,7
3986859,1,111,8
3986860,1,952,4
3986861,1,952,5
3986862,1,150,7
3986863,1,154,3
3986864,1,166,2
3986865,1,166,4
3986866,1,166,1
3986866,2,166,1
3986867,1,154,4
3986868,1,192,1
3986869,1,192,2
3986870,1,182,5
3986871,1,101,9
3986872,1,166,6
3986873,1,102,2
3986874,1,166,8
3986875,1,150,13
3986875,2,150,13
3986876,1,106,7
3986877,1,166,3
3986878,1,150,8
3986879,1,166,5
3986880,1,168,1
3986880,2,168,1
3986881,1,168,2
3986882,1,164,2
3986883,1,168,3
3986884,1,164,1
3986885,1,164,3
3986886,1,168,4
3986887,1,101,11
3986888,1,183,7
3986889,1,182,3
3986890,1,671,16
3986891,1,671,15
3986892,1,671,14
3986893,1,671,13
3986894,1,671,12
3986895,1,671,11
3986896,1,671,10
3986897,1,671,9
3986898,1,671,8
3986899,1,671,7
3986900,1,671,6
3986901,1,671,5
3986902,1,671,4
3986903,1,671,3
3986904,1,671,2
3986905,1,671,1
3986906,1,671,17
3986907,1,193,9
3986908,1,193,8
3986909,1,193,7
3986910,1,193,6
3986911,1,193,5
3986912,1,193,4
3986913,1,193,3
3986914,1,193,2
3986915,1,193,1
3986916,1,180,13
3986917,1,180,12
3986918,1,180,11
3986919,1,180,9
3986920,1,180,8
3986921,1,180,7
3986921,2,180,7
3986922,1,180,5
3986923,1,180,6
3986924,1,180,4
3986924,2,180,4
3986925,1,180,3
3986926,1,180,2
3986927,1,180,1
3986928,1,178,2
3986928,2,178,2
3986929,1,150,10
3986930,1,178,3
3986931,2,178,1
3986932,1,178,11
3986933,1,178,10
3986934,1,178,8
3986935,1,158,9
3986935,2,158,9
3986936,1,158,7
3986936,2,158,7
3986937,1,158,8
3986938,1,159,8
3986939,1,192,5
3986940,1,106,11
3986941,1,192,4
3986942,1,158,10
3986942,2,158,10
3986943,1,186,5
3986944,1,106,12
3986945,1,166,7
3986946,1,166,10
3986947,1,50,1
3986948,1,50,2
3986949,1,50,10
3986950,1,50,3
3986951,1,50,5
3986952,1,50,4
3986953,1,50,6
3986954,1,50,8
3986955,1,50,7
3986956,1,50,9
3986957,1,128,1
3986958,1,128,2
3986959,1,128,3
3986960,1,128,5
3986961,1,128,6
3986962,1,128,4
3986963,1,128,9
3986964,1,107,12
3986965,1,107,11
3986966,1,111,11
3986967,1,128,7
3986968,1,106,13
3986969,1,150,18
3986970,1,159,6
3986971,1,179,6
3986971,2,179,6
3986972,1,158,6
3986973,1,179,5
3986974,1,158,5
3986975,1,157,5
3986976,1,179,7
3986977,1,179,8
3986978,1,157,6
3986979,1,159,9
3986980,1,179,9
3986981,1,156,3
3986982,1,156,2
3986983,1,156,1
3986984,1,156,4
3986985,1,186,3
3986986,1,182,6
3986987,1,181,1
3986987,2,181,1
3986988,1,181,2
3986988,2,181,2
3986989,1,181,3
3986990,1,181,4
3986991,1,181,5
3986992,1,106,17
3986993,1,150,25
3986994,1,150,20
3986995,1,150,30
3986996,1,166,13
3986997,1,101,6
3986998,1,183,5
3986999,1,150,29
3987000,1,183,8
3987001,1,102,4
3987002,1,150,15
3987003,1,101,5
3987004,1,128,8
3987004,2,128,8
3987005,1,676,18
3987006,1,676,17
3987007,1,676,16
3987008,1,676,15
3987009,1,676,13
3987010,1,676,11
3987011,1,676,12
3987012,1,676,10
3987013,1,676,9
3987014,1,676,8
3987015,1,676,7
3987016,1,676,5
3987017,1,676,6
3987018,1,676,4
3987019,1,676,2
3987020,1,676,3
3987021,1,676,1
3987022,1,178,5
3987023,1,114,5
3987024,1,143,10
3987025,1,150,17
3987026,1,676,14
3987027,1,150,28
3987028,1,119,32
3987029,1,119,31
3987030,1,119,22
3987031,1,119,21
3987032,1,118,7
3987033,1,118,6
3987034,1,118,5
3987035,1,118,4
3987036,1,118,3
3987037,1,118,2
3987038,1,118,1
3987039,1,116,8
3987040,1,116,7
3987041,1,116,6
3987042,1,116,5
3987043,1,116,3
3987044,1,116,4
3987045,1,116,2
3987046,1,116,1
3987047,1,106,18
3987048,1,22,1
3987049,1,22,2
3987050,1,197,8
3987051,1,197,7
3987052,2,197,6
3987053,1,197,5
3987054,1,197,4
3987054,2,197,4
3987055,1,197,23
3987056,1,197,3
3987057,1,197,22
3987058,1,197,21
3987059,1,197,2
3987060,1,197,1
3987061,1,150,11
3987062,1,150,26
3987063,1,143,2
3987064,1,143,8
3987065,1,157,4
3987066,1,166,11
3987067,1,166,12
3987068,1,166,9
3987069,1,107,13
3987070,1,157,7
3987071,1,178,12
3987072,1,107,10
3987073,1,107,7
3987074,1,183,9
3987075,1,150,16
3987076,1,178,6
3987177,1,169,1
3987178,1,169,2
3987179,1,169,3
3987180,1,169,4
3987181,1,182,2
3987182,1,182,1
3987183,1,181,2
3987184,1,181,4
3987185,1,181,1
3987186,1,181,3
3987187,1,181,5
3987188,1,105,1
3987189,1,107,1
3987190,1,107,3
3987191,1,107,2
3987192,1,107,4
3987193,1,107,5
3987194,1,105,2
3987195,1,168,1
3987196,1,166,1
3987197,1,166,2
3987198,1,168,2
3987199,1,166,3
3987200,1,166,5
3987201,1,671,1
3987202,1,671,2
3987203,1,671,3
3987204,1,671,4
3987205,1,671,5
3987206,1,671,6
3987207,1,671,7
3987208,1,671,8
3987209,1,671,9
3987210,1,671,10
3987211,1,150,4
3987212,1,150,1
3987213,1,106,2
3987214,1,106,1
3987215,1,106,3
3987216,1,150,3
3987217,1,106,4
3987218,1,101,1
3987219,1,150,6
3987220,1,101,2
3987221,1,150,8
3987222,1,180,9
3987223,1,180,8
3987224,1,180,7
3987225,1,180,6
3987226,1,180,4
3987227,1,180,5
3987228,1,180,3
3987229,1,180,2
3987230,1,180,1
3987231,1,50,1
3987232,1,50,2
3987233,1,50,3
3987234,1,50,4
3987235,1,50,5
3987236,1,128,6
3987237,1,128,1
3987238,1,128,2
3987239,1,128,3
3987240,1,128,5
3987241,1,128,4
3987242,1,166,6
3987243,1,166,4
3987244,1,166,7
3987245,1,150,2
3987246,1,106,5
3987247,1,150,9
3987248,1,150,10
3987249,1,101,3
3987250,1,150,5
3987251,1,101,4
3987252,1,150,12
3987253,1,106,10
3987254,1,106,8
3987255,1,150,13
3987256,1,106,6
3987257,1,150,16
3987258,1,106,7
3987259,1,150,7
3987260,1,150,14
3987261,1,150,15
3987262,1,106,9
3987263,1,156,2
3987264,1,156,1
3987265,1,676,8
3987266,1,676,9
3987267,1,676,7
3987268,1,676,6
3987269,1,676,5
3987270,1,676,4
3987271,1,676,3
3987272,1,676,2
3987273,1,676,1
3987274,1,118,1
3987275,1,150,11
3987276,1,22,1
3987353,1,169,3
3987354,1,169,2
3987355,1,169,1
3987356,1,169,4
3987357,1,182,2
3987358,1,182,1
3987359,1,105,1
3987360,1,181,2
3987361,1,181,5
3987362,1,181,1
3987363,1,181,4
3987364,1,181,3
3987365,1,107,2
3987366,1,107,3
3987367,1,107,4
3987368,1,107,5
3987369,1,107,1
3987370,1,168,2
3987371,1,168,3
3987372,1,168,1
3987373,1,168,4
3987374,1,671,10
3987375,1,671,9
3987376,1,671,8
3987377,1,671,7
3987378,1,671,6
3987379,1,671,5
3987380,1,671,4
3987381,1,671,3
3987382,1,671,2
3987383,1,671,1
3987384,1,106,4
3987385,1,150,2
3987386,1,150,1
3987387,1,150,4
3987388,1,150,3
3987389,1,106,2
3987390,1,106,3
3987391,1,106,1
3987392,1,180,6
3987393,1,180,5
3987394,1,180,3
3987395,1,180,4
3987396,1,180,2
3987397,1,180,1
3987398,1,180,7
3987399,1,50,2
3987400,1,50,3
3987401,1,50,1
3987402,1,128,6
3987403,1,128,1
3987404,1,128,3
3987405,1,128,2
3987406,1,128,5
3987407,1,128,4
3987408,1,156,1
3987409,1,156,2
3987410,1,101,3
3987411,1,101,4
3987412,1,106,5
3987413,1,101,2
3987414,1,101,1
3987415,1,150,5
3987416,1,150,6
3987417,1,106,6
3987418,1,101,5
3987419,1,676,9
3987420,1,676,8
3987421,1,676,7
3987422,1,676,6
3987423,1,676,5
3987424,1,676,4
3987425,1,676,3
3987426,1,676,2
3987427,1,676,1
3987428,1,22,1
3987502,1,5,19
3987503,1,5,7
3987504,1,5,1
3987505,1,5,4
3987506,1,5,10
3987507,1,5,9
3987508,1,5,2
3987509,1,5,12
3987510,1,5,16
3987511,1,5,5
3987512,1,5,15
3987513,1,5,18
3987514,1,5,13
3987515,1,5,23
3987516,1,18,12
3987517,1,355,8
3987518,1,301,7
3987519,1,301,6
3987520,1,303,4
3987521,1,5,6
3987522,1,56,3
3987523,1,301,11
3987524,1,48,6
3987524,2,48,6
3987525,1,15,12
3987526,1,303,2
3987527,1,301,14
3987528,1,55,12
3987529,1,18,16
3987530,1,17,8
3987531,1,44,1
3987532,1,21,7
3987533,1,56,1
3987534,1,987,2
3987535,1,355,1
3987535,2,355,1
3987536,1,18,10
3987537,1,56,2
3987538,1,5,24
3987539,1,44,2
3987540,1,17,1
3987541,1,18,1
3987542,1,21,2
3987543,1,57,11
3987544,1,44,3
3987545,1,355,11
3987545,2,355,11
3987546,1,301,4
3987547,1,15,10
3987548,1,303,10
3987549,1,355,12
3987550,1,988,2
3987550,2,988,2
3987551,1,15,13
3987552,1,57,2
3987553,1,18,15
3987554,1,301,13
3987555,1,17,6
3987556,1,21,5
3987557,1,301,5
3987558,1,303,9
3987559,1,994,1
3987560,1,987,1
3987561,1,48,10
3987561,2,48,10
3987562,1,17,3
3987563,1,18,13
3987564,1,5,14
3987565,1,21,8
3987566,1,56,6
3987567,1,995,1
3987568,1,980,1
3987569,1,303,5
3987570,1,56,9
3987571,1,55,2
3987572,1,303,1
3987573,1,18,3
3987574,1,56,8
3987575,1,994,2
3987575,2,994,2
3987576,1,5,11
3987577,1,57,1
3987578,1,303,3
3987579,1,303,13
3987580,1,303,7
3987581,1,301,12
3987582,1,301,8
3987583,2,995,2
3987583,3,995,2
3987584,1,21,3
3987585,1,21,6
3987586,1,301,10
3987587,1,303,11
3987588,1,355,4
3987589,1,18,2
3987590,1,55,11
3987590,2,55,11
3987591,1,303,8
3987592,1,984,1
3987593,1,355,9
3987594,1,303,6
3987595,1,17,9
3987596,1,21,9
3987597,1,301,2
3987598,1,303,15
3987599,1,21,4
3987600,1,301,19
3987601,1,355,3
3987601,2,355,3
3987602,1,55,3
3987603,1,17,2
3987604,1,301,9
3987605,1,301,17
3987606,1,5,27
3987607,1,301,1
3987608,1,301,16
3987609,1,301,3
3987610,1,981,1
3987610,2,981,1
3987611,1,303,12
3987612,1,355,6
3987613,1,301,18
3987614,1,17,7
3987615,1,301,15
3987616,1,56,4
3987617,1,355,13
3987618,1,5,3
3987619,1,57,10
3987620,1,15,2
3987621,1,15,14
3987622,1,5,26
3987623,1,5,33
3987624,1,988,1
3987625,1,48,1
3987626,1,48,2
3987627,1,48,3
3987627,2,48,3
3987628,1,48,15
3987629,1,48,4
3987630,1,48,5
3987631,1,48,7
3987632,1,48,8
3987633,1,48,9
3987634,1,48,11
3987635,1,48,12
3987636,1,48,14
3987637,1,48,17
3987638,1,48,18
3987639,1,48,22
3987640,1,48,24
3987641,1,48,25
3987642,1,48,26
3987643,1,48,27
3987644,1,48,28
3987645,1,48,29
3987645,2,48,29
3987646,1,48,30
3987646,2,48,30
3987647,1,48,32
3987648,1,48,33
3987649,1,48,19
3987650,1,48,21
3987651,1,55,13
3987652,1,301,20
3987653,1,18,4
3987654,1,5,20
3987655,1,56,7
3987656,1,18,11
3987657,1,56,5
3987658,1,48,20
3987659,1,55,14
3987660,1,355,7
3987661,1,15,1
3987662,1,15,11
3987663,1,57,3
3987664,1,18,14
3987665,1,55,1
3987666,1,55,10
3987667,1,355,17
3987668,1,40,37
3987669,1,40,35
3987670,1,40,1
3987671,1,40,3
3987672,1,40,2
3987673,1,40,4
3987674,1,40,7
3987675,1,40,5
3987676,1,40,9
3987677,1,40,6
3987678,1,40,8
3987679,1,40,13
3987680,1,40,10
3987681,1,40,11
3987682,1,40,16
3987683,1,40,12
3987684,1,40,17
3987685,1,40,14
3987686,1,40,15
3987687,1,40,18
3987688,1,40,21
3987689,1,40,23
3987690,1,40,22
3987691,1,40,24
3987692,1,40,25
3987693,1,40,26
3987694,1,40,27
3987695,1,40,28
3987696,1,40,30
3987697,1,40,29
3987698,1,40,33
3987699,1,40,32
3987700,1,40,36
3987701,1,5,17
3987702,1,48,13
3987703,1,5,25
3987704,1,5,28
3987705,1,5,31
3987706,1,5,32
3987707,1,55,15
3987708,1,48,16
3987709,1,48,23
3987710,1,17,4
3987711,1,5,22
3987712,1,60,1
3987713,1,60,2
3987714,1,60,3
3987715,1,60,4
3987716,1,60,5
3987717,1,60,6
3987718,1,60,7
3987719,1,60,8
3987720,1,60,9
3987721,1,60,10
3987722,1,60,11
3987723,1,60,12
3987723,2,60,12
3987724,1,15,3
3987725,1,40,31
3987726,1,40,19
3987727,1,673,1
3987728,1,673,2
3987729,1,673,3
3987730,1,673,4
3987731,1,673,5
3987732,1,673,6
3987733,1,673,7
3987734,1,673,8
3987735,1,673,9
3987736,1,673,10
3987737,1,673,11
3987738,1,673,12
3987739,1,673,13
3987740,1,673,14
3987741,1,673,15
3987742,1,673,16
3987743,1,673,17
3987744,1,673,18
3987745,1,673,19
3987746,1,673,20
3987747,1,673,21
3987748,1,673,22
3987749,1,673,23
3987750,1,673,24
3987751,1,673,25
3987752,1,673,26
3987753,1,673,27
3987754,1,673,28
3987755,1,673,29
3987756,1,673,30
3987757,1,673,31
3987758,1,673,32
3987759,1,673,33
3987760,1,673,34
3987761,1,673,35
3987762,1,673,36
3987763,1,673,37
3987764,1,673,38
3987765,1,15,4
3987766,1,48,31
3987767,1,5,30
3987768,1,40,34
3987769,1,675,1
3987770,1,675,2
3987771,1,675,4
3987772,1,675,5
3987773,1,675,3
3987774,1,675,6
3987775,1,675,7
3987776,1,675,8
3987777,1,675,9
3987778,1,675,10
3987779,1,675,11
3987780,1,675,12
3987781,1,675,13
3987782,1,675,14
3987783,1,675,15
3987784,1,675,16
3987785,1,675,17
3987786,1,675,18
3987787,1,675,19
3987788,1,675,21
3987789,1,675,22
3987790,1,675,23
3987791,1,675,20
3987792,1,675,25
3987793,1,675,26
3987794,1,675,27
3987795,1,675,24
3987796,1,675,29
3987797,1,675,30
3987798,1,675,31
3987799,1,675,32
3987800,1,675,33
3987801,1,675,34
3987802,1,675,35
3987803,1,675,36
3987804,1,675,37
3987805,1,675,38
3987806,1,675,39
3987807,1,675,40
3987808,1,675,41
3987809,1,5,29
3989866,1,330,1
3989867,1,32,2
3989868,1,346,7
3989868,2,346,7
3989869,1,32,5
3989870,1,308,3
3989871,1,308,4
3989872,1,661,1
3989873,1,66,17
3989874,2,65,2
3989875,1,342,12
3989875,2,342,12
3989876,1,31,5
3989877,1,31,4
3989878,1,373,4
3989879,1,31,11
3989880,1,304,3
3989881,1,342,13
3989882,1,32,11
3989883,1,65,8
3989884,1,31,1
3989885,1,661,12
3989886,1,661,13
3989887,1,65,1
3989887,2,65,1
3989888,1,65,6
3989889,1,65,3
3989890,1,75,1
3989891,1,32,14
3989892,1,32,3
3989893,1,342,11
3989894,1,66,2
3989895,1,373,3
3989895,2,373,3
3989896,1,661,11
3989897,1,32,4
3989897,2,32,4
3989898,1,661,3
3989899,1,32,8
3989900,1,31,6
3989901,1,32,7
3989902,1,31,10
3989903,1,66,3
3989904,1,31,8
3989905,1,373,2
3989906,1,308,1
3989907,1,32,12
3989908,1,373,7
3989909,1,66,16
3989910,1,65,10
3989911,1,65,9
3989912,1,373,5
3989913,1,342,14
3989913,2,342,14
3989914,1,66,1
3989915,1,32,1
3989916,1,31,2
3989917,1,31,3
3989918,1,32,13
3989918,2,32,13
3989919,1,661,2
3989920,1,373,10
3989921,1,312,13
3989922,1,331,1
3989923,1,331,2
3989924,1,331,3
3989925,1,331,4
3989926,1,331,5
3989927,1,331,6
3989928,1,331,7
3989929,1,331,8
3989930,1,346,6
3989931,1,331,9
3989932,1,331,11
3989933,1,346,1
3989934,1,346,2
3989935,1,346,3
3989936,1,346,4
3989937,1,346,5
3989938,1,32,9
3989939,1,31,9
3989940,1,32,6
3989941,1,66,4
3989941,2,66,4
3989942,1,66,6
3989943,1,66,7
3989944,1,66,8
3989945,1,66,10
3989946,1,66,13
3989947,1,66,12
3989948,1,66,14
3989949,1,661,10
3989950,1,32,10
3989951,1,31,7
3989952,1,68,2
3989953,1,68,1
3989954,1,68,3
3989955,1,65,4
3989956,1,75,2
3989957,1,65,5
3989958,1,373,6
3989959,1,331,10
3989960,1,373,8
3989961,1,373,9
3989962,1,68,4
3989963,1,65,7
3989964,1,68,5
3989965,1,65,11
3989966,1,30,2
3989967,1,30,5
3989968,1,30,1
3989969,1,30,3
3989970,1,30,4
3989971,1,311,4
3989972,1,311,10
3989973,1,30,6
3989974,1,76,3
3989975,1,71,34
3989976,1,71,22
3989977,1,71,2
3989978,1,71,31
3989979,1,71,17
3989980,1,41,11
3989981,1,312,20
3989982,1,41,10
3989983,1,312,19
3989983,2,312,19
3989984,1,71,14
3989985,1,311,11
3989986,1,76,2
3989986,2,76,2
3989987,1,311,15
3989987,2,311,15
3989988,1,71,10
3989989,1,312,21
3989990,2,312,8
3989991,1,312,18
3989992,1,316,3
3989992,2,316,3
3989993,1,316,10
3989994,1,41,3
3989995,1,71,5
3989996,1,311,12
3989997,1,66,11
3989998,1,71,33
3989999,1,76,1
3990000,1,71,28
3990001,2,66,5
3990002,1,71,29
3990003,2,309,1
3990004,1,316,9
3990005,1,312,10
3990005,2,312,10
3990006,1,66,18
3990007,1,71,12
3990008,1,312,15
3990009,1,77,3
3990010,1,311,17
3990010,2,311,17
3990011,1,311,1
3990012,1,311,14
3990013,1,41,4
3990014,2,74,2
3990015,2,41,6
3990016,1,316,8
3990017,2,71,9
3990018,1,312,14
3990018,2,312,14
3990019,1,71,32
3990020,2,74,3
3990021,1,312,16
3990021,2,312,16
3990022,2,312,1
3990023,1,309,3
3990023,2,309,3
3990024,1,311,7
3990025,1,77,2
3990025,2,77,2
3990026,1,77,5
3990026,2,77,5
3990027,2,311,6
3990028,1,71,30
3990029,2,312,7
3990030,1,71,27
3990031,1,41,9
3990032,1,316,1
3990032,2,316,1
3990033,1,311,8
3990034,1,77,7
3990034,2,77,7
3990035,1,311,9
3990036,1,311,19
3990036,2,311,19
3990037,2,71,16
3990038,1,77,6
3990038,2,77,6
3990039,1,77,1
3990040,1,316,11
3990041,1,71,4
3990042,1,312,23
3990043,2,373,1
3990044,1,311,16
3990045,1,311,3
3990045,2,311,3
3990046,1,41,30
3990047,2,77,4
3990048,1,311,13
3990048,2,311,13
3990049,1,71,11
3990050,2,74,1
3990051,1,304,5
3990052,1,41,16
3990053,2,66,9
3990054,1,74,5
3990054,2,74,5
3990055,1,71,1
3990055,2,71,1
3990056,1,309,4
3990056,2,309,4
3990057,1,41,7
3990058,1,41,27
3990058,2,41,27
3990059,1,71,7
3990060,1,74,4
3990060,2,74,4
3990061,1,308,2
3990062,1,76,6
3990062,2,76,6
3990063,2,311,2
3990064,1,76,4
3990065,1,71,13
3990066,1,71,6
3990067,1,311,18
3990068,1,41,8
3990069,1,312,5
3990069,2,312,5
3990070,1,41,31
3990070,2,41,31
3990071,1,71,19
3990072,1,309,2
3990072,2,309,2
3990073,1,41,15
3990074,1,312,22
3990074,2,312,22
3990075,1,316,2
3990076,1,316,7
3990076,2,316,7
3990077,1,312,2
3990078,1,312,17
3990078,2,312,17
3990079,1,312,4
3990080,1,74,6
3990080,2,74,6
3990081,1,71,36
3990081,2,71,36
3990082,1,304,1
3990083,1,71,8
3990084,1,77,8
3990084,2,77,8
3990085,1,71,15
3990086,1,41,25
3990087,1,41,12
3990087,2,41,12
3990088,1,41,1
3990089,1,71,23
3990090,1,316,4
3990091,2,312,9
3990092,1,304,2
3990093,1,41,5
3990094,2,312,6
3990095,1,311,5
3990096,2,41,17
3990097,1,71,26
3990098,1,41,20
3990099,1,41,2
3990100,1,71,3
3990101,1,71,24
3990102,1,71,18
3990103,1,41,21
3990104,1,41,14
3990105,1,71,21
3990105,2,71,21
3990106,1,41,13
3990107,1,312,3
3990108,1,71,20
3990109,1,316,5
3990110,1,41,18
3990111,1,71,25
3990112,1,41,19
3990113,1,312,12
3990114,1,41,22
3990115,1,41,23
3990115,2,41,23
3990116,1,76,5
3990116,2,76,5
3990117,1,312,11
3990118,1,41,26
3990119,1,41,28
3990119,2,41,28
3990120,1,71,37
3990121,1,304,4
3990122,1,41,24
3990122,2,41,24
3990123,1,41,29
3990123,2,41,29
3990124,1,316,6
3990124,2,316,6
3990125,1,309,5
3990125,2,309,5
3990126,1,77,9
3990126,2,77,9
3990127,1,346,8
3990128,1,71,35
3990129,1,330,2
3990130,1,66,15
3992108,1,1,1
3992109,1,1,2
3992110,1,1,3
3992111,1,1,4
3992112,1,1,5
3992113,1,1,6
3992114,1,1,7
3992115,1,1,8
3992116,1,1,9
3992117,1,1,10
3992118,1,1,11
3992119,1,1,12
3992120,1,1,13
3992121,1,2,1
3992122,1,2,2
3992123,1,2,3
3992124,1,2,4
3992125,1,2,5
3992126,1,2,6
3992127,1,2,7
3992128,1,2,8
3992129,1,2,9
3992130,1,2,10
3992131,1,2,11
3992132,1,2,12
3992133,1,2,13
3992134,1,2,14
3992135,1,2,15
3992136,1,2,16
3992137,1,2,17
3992138,1,2,18
3992139,1,2,19
3992140,1,2,20
3992141,1,2,21
3992142,1,3,1
3992143,1,3,2
3992144,1,3,3
3992145,1,3,4
3992146,1,3,5
3992147,1,3,6
3992148,1,3,7
3992149,1,3,8
3992150,1,3,9
3992151,1,3,10
3992152,1,3,11
3992153,1,3,12
3992154,1,3,13
3992155,1,3,14
3992156,1,3,15
3992157,1,3,16
3992158,1,3,17
3992159,1,3,18
3992160,1,3,19
3992161,1,3,20
3992162,1,3,21
3992163,1,3,22
3992164,1,3,23
3992165,1,3,24
3992166,1,3,25
3992167,1,7,1
3992168,1,7,2
3992169,1,7,3
3992170,1,7,4
3992171,1,7,5
3992172,1,7,6
3992173,1,7,7
3992174,1,7,8
3992175,1,7,9
3992176,1,7,10
3992177,1,7,11
3992178,1,7,12
3992179,1,7,13
3992180,1,7,14
3992181,1,7,15
3992182,1,7,16
3992183,1,7,17
3992184,1,7,18
3992185,1,7,19
3992186,1,7,20
3992187,1,7,21
3992188,1,7,22
3992189,1,7,23
3992190,1,7,24
3992191,1,7,25
3992192,1,7,26
3992193,1,7,27
3992194,1,7,28
3992195,1,7,30
3992196,1,7,31
3992197,1,7,32
3992198,1,7,33
3992199,1,10,1
3992200,1,10,2
3992201,1,10,3
3992202,1,10,4
3992203,1,10,5
3992204,1,10,6
3992205,1,10,7
3992206,1,10,8
3992207,1,10,9
3992208,1,10,10
3992209,1,12,1
3992210,1,12,2
3992211,1,12,3
3992212,1,12,4
3992213,1,12,5
3992214,1,12,6
3992215,1,12,7
3992216,1,12,8
3992217,1,12,9
3992218,1,12,10
3992219,1,36,1
3992220,1,36,2
3992221,1,36,3
3992222,1,36,4
3992223,1,36,5
3992224,1,36,6
3992225,1,36,7
3992226,1,36,8
3992227,1,36,9
3992228,1,36,10
3992229,1,36,11
3992230,1,36,12
3992231,1,36,13
3992232,1,36,14
3992233,1,36,15
3992234,1,36,16
3992235,1,36,17
3992236,1,36,18
3992237,1,36,19
3992238,1,36,20
3992239,1,36,21
3992240,1,36,22
3992241,1,36,23
3992242,1,36,24
3992243,1,43,1
3992244,1,43,2
3992245,1,43,3
3992246,1,43,4
3992247,1,43,5
3992248,1,43,6
3992249,1,43,7
3992250,1,43,8
3992251,1,43,9
3992252,1,43,10
3992253,1,43,11
3992254,1,43,12
3992255,1,43,13
3992256,1,43,14
3992257,1,43,15
3992258,1,43,16
3992259,1,43,17
3992260,1,43,18
3992261,1,43,19
3992262,1,43,20
3992263,1,43,21
3992264,1,43,22
3992265,1,43,23
3992266,1,43,24
3992267,1,47,1
3992268,1,47,2
3992269,1,47,3
3992270,1,120,1
3992271,1,120,2
3992272,1,120,3
3992273,1,120,4
3992274,1,120,5
3992275,1,120,6
3992276,1,120,7
3992277,1,120,8
3992278,1,120,9
3992279,1,120,10
3992280,1,120,11
3992281,1,120,12
3992282,1,120,13
3992283,1,120,14
3992284,1,120,15
3992285,1,120,16
3992286,1,120,17
3992287,1,120,18
3992288,1,120,19
3992289,1,120,20
3992290,1,120,21
3992291,1,120,22
3992292,1,120,23
3992293,1,120,24
3992294,1,120,25
3992295,1,120,26
3992296,1,120,27
3992297,1,120,28
3992298,1,120,29
3992299,1,120,30
3992300,1,120,31
3992301,1,120,32
3992302,1,120,33
3992303,1,120,34
3992304,1,70,1
3992305,1,70,2
3992306,1,70,3
3992307,1,70,4
3992308,1,70,5
3992309,1,70,6
3992310,1,70,7
3992311,1,70,8
3992312,1,70,9
3992313,1,70,10
3992314,1,70,11
3992315,1,70,12
3992316,1,70,13
3992317,1,70,14
3992528,1,12,2
3992529,1,12,3
3992530,1,12,4
3992531,1,12,1
3992532,1,120,1
3992533,1,120,2
3992534,1,120,3
3992535,1,120,4
3992536,1,120,5
3992537,1,120,6
3992538,1,120,7
3992539,1,120,8
3992540,1,120,9
3992541,1,120,10
3992542,1,120,11
3992543,1,120,12
3992544,1,120,13
3992545,1,120,14
3992546,1,120,15
3992547,1,120,16
3992548,1,120,17
3992549,1,120,18
3992550,1,36,1
3992551,1,36,2
3992552,1,36,3
3992553,1,36,5
3992554,1,36,6
3992555,1,36,4
3992556,1,36,7
3992557,1,36,8
3992558,1,36,10
3992559,1,36,9
3992560,1,36,11
3992561,1,36,12
3992562,1,36,13
3992563,1,2,1
3992564,1,2,2
3992565,1,2,3
3992566,1,2,4
3992567,1,2,5
3992568,1,2,6
3992569,1,2,7
3992570,1,7,1
3992571,1,7,2
3992572,1,7,4
3992573,1,7,3
3992574,1,7,6
3992575,1,7,8
3992576,1,7,7
3992577,1,7,9
3992578,1,7,12
3992579,1,7,13
3992580,1,7,14
3992581,1,7,15
3992582,1,7,16
3992583,1,7,19
3992584,1,7,20
3992585,1,10,2
3992586,1,10,3
3992587,1,10,4
3992588,1,10,1
3992589,1,47,1
3992590,1,43,1
3992591,1,43,2
3992592,1,43,3
3992593,1,43,4
3992594,1,43,6
3992595,1,43,7
3992596,1,43,9
3992597,1,43,11
3992598,1,43,12
3992599,1,43,13
3992600,1,43,15
3992601,1,3,1
3992602,1,3,2
3992603,1,3,3
3992604,1,3,4
3992605,1,3,5
3992606,1,3,6
3992607,1,3,7
3992608,1,3,8
3992609,1,3,11
3992610,1,2,8
3992611,1,7,17
3992612,1,7,18
3992613,1,7,5
3992614,1,7,11
3992615,1,7,10
3992616,1,43,14
3992617,1,1,2
3992618,1,1,4
3992619,1,1,6
3992620,1,1,5
3992621,1,1,1
3992622,1,1,7
3992623,1,1,3
3992624,1,70,1
3992625,1,70,2
3992626,1,70,3
3992627,1,70,4
3992628,1,70,5
3992629,1,70,6
3992630,1,43,5
3992631,1,43,8
3992632,1,43,10
3992633,1,3,10
3992634,1,3,9
3992635,1,43,2
3992636,1,43,3
3992637,1,43,4
3992638,1,43,5
3992639,1,43,6
3992640,1,43,8
3992641,1,43,11
3992642,1,43,14
3992643,1,3,8
3992644,1,3,6
3992645,1,3,7
3992646,1,3,5
3992647,1,36,1
3992648,1,36,2
3992649,1,36,3
3992650,1,36,4
3992651,1,36,5
3992652,1,36,6
3992653,1,36,7
3992654,1,12,2
3992655,1,36,8
3992656,1,36,9
3992657,1,120,2
3992658,1,120,3
3992659,1,120,4
3992660,1,120,5
3992661,1,120,6
3992662,1,120,7
3992663,1,120,1
3992664,1,3,3
3992665,1,10,2
3992666,1,10,3
3992667,1,10,4
3992668,1,10,1
3992669,1,47,1
3992670,1,12,1
3992671,1,2,2
3992672,1,2,3
3992673,1,3,9
3992674,1,2,4
3992675,1,2,1
3992676,1,3,2
3992677,1,3,1
3992678,1,3,4
3992679,1,1,2
3992680,1,1,3
3992681,1,1,4
3992682,1,1,5
3992683,1,1,1
3992684,1,43,12
3992685,1,43,13
3992686,1,43,9
3992687,1,43,10
3992688,1,43,7
3992689,1,43,1
3992690,1,7,1
3992691,1,7,2
3992692,1,7,3
3992693,1,7,4
3992694,1,7,5
3992695,1,7,6
3992696,1,7,7
3992697,1,7,8
3992698,1,7,9
3992699,1,7,10
3992700,1,7,11
3992701,1,7,12
3992702,1,7,13
3992703,1,7,14
3992704,1,7,15
3992705,1,7,16
3992706,1,7,17
3992707,1,7,18
3992708,1,7,19
3992709,1,70,2
3992710,1,70,3
3992711,1,70,4
3992712,1,70,5
3992713,1,70,6
3992714,1,70,1
3993601,1,248,2
3993602,1,248,3
3993603,1,248,4
3993604,1,248,5
3993605,1,248,6
3993606,1,248,7
3993607,1,248,1
3993608,1,271,5
3993609,1,271,6
3993610,1,271,4
3993611,1,271,2
3993612,1,271,1
3993613,1,271,7
3993614,1,271,3
3993615,1,235,1
3993616,1,235,2
3993617,1,234,1
3993618,1,234,2
3993619,1,221,4
3993620,1,226,3
3993621,1,221,2
3993622,1,226,1
3993623,1,221,3
3993624,1,226,4
3993625,1,241,1
3993626,1,221,1
3993627,1,226,2
3993628,1,208,1
3993629,1,249,2
3993630,1,249,3
3993631,1,249,1
3993632,1,240,4
3993633,1,240,3
3993634,1,240,2
3993635,1,240,1
3993636,1,240,6
3993637,1,245,2
3993638,1,245,3
3993639,1,245,4
3993640,1,245,1
3993641,1,245,5
3993642,1,226,5
3993643,1,240,5
3993644,1,248,7
3993645,1,248,5
3993646,1,248,6
3993647,1,248,2
3993648,1,248,1
3993649,1,248,3
3993650,1,248,4
3993651,1,234,2
3993652,1,235,1
3993653,1,234,1
3993654,1,235,2
3993655,1,221,1
3993656,1,221,3
3993657,1,271,2
3993658,1,271,3
3993659,1,271,4
3993660,1,271,5
3993661,1,271,6
3993662,1,271,7
3993663,1,271,1
3993664,1,221,2
3993665,1,221,4
3993666,1,249,2
3993667,1,249,3
3993668,1,249,1
3993669,1,240,2
3993670,1,240,3
3993671,1,240,1
3993672,1,245,1
3993673,1,245,5
3993674,1,245,4
3993675,1,245,3
3993676,1,245,2
3993677,1,221,5
3993678,1,236,7
3993679,1,236,2
3993680,1,236,8
3993681,1,236,4
3993682,1,236,3
3993683,1,236,5
3993684,1,236,1
3993685,1,236,6
3993686,1,271,1
3993687,1,271,12
3993688,1,235,1
3993689,1,235,4
3993690,1,235,7
3993691,1,234,3
3993692,1,235,2
3993693,1,235,3
3993694,1,235,5
3993695,1,234,1
3993696,1,271,4
3993697,1,232,2
3993697,2,232,2
3993698,1,271,9
3993699,1,232,3
3993700,1,271,20
3993701,1,269,3
3993701,2,269,3
3993702,1,271,10
3993702,2,271,10
3993703,1,234,2
3993704,1,271,24
3993705,1,271,26
3993706,1,271,25
3993707,1,271,23
3993708,1,271,22
3993709,1,271,19
3993710,1,232,6
3993710,2,232,6
3993711,1,232,7
3993712,1,232,8
3993713,1,237,4
3993714,1,237,3
3993715,1,232,1
3993715,2,232,1
3993716,1,269,1
3993717,1,271,3
3993718,1,236,10
3993719,1,271,6
3993719,2,271,6
3993720,1,271,5
3993721,1,271,7
3993722,1,271,15
3993723,1,244,1
3993724,1,277,1
3993725,1,269,4
3993725,2,269,4
3993726,1,269,7
3993726,2,269,7
3993727,1,244,2
3993727,2,244,2
3993728,1,277,2
3993729,1,237,2
3993730,1,277,3
3993731,1,244,3
3993732,1,269,5
3993733,1,269,8
3993734,1,269,11
3993735,1,277,4
3993735,2,277,4
3993736,1,232,5
3993736,2,232,5
3993737,1,241,1
3993738,1,221,2
3993739,1,221,3
3993740,1,221,4
3993741,1,244,4
3993742,1,271,13
3993743,1,244,5
3993744,1,244,6
3993745,1,232,4
3993746,1,248,2
3993747,1,248,3
3993748,1,248,1
3993749,1,271,14
3993750,1,237,5
3993751,1,269,9
3993751,2,269,9
3993752,1,237,1
3993752,2,237,1
3993753,1,269,10
3993754,1,271,11
3993755,1,271,17
3993756,1,269,2
3993756,2,269,2
3993757,1,271,18
3993758,1,204,1
3993758,2,204,1
3993759,1,200,1
3993760,1,204,2
3993761,1,201,1
3993762,1,269,6
3993763,1,271,8
3993763,2,271,8
3993764,1,221,5
3993765,1,226,1
3993766,1,241,2
3993767,1,271,2
3993768,1,246,2
3993769,1,208,1
3993770,1,224,1
3993771,1,249,3
3993772,1,249,2
3993773,1,249,4
3993774,1,249,5
3993775,1,249,6
3993776,1,249,7
3993777,1,249,1
3993778,1,895,1
3993779,1,242,1
3993780,1,242,2
3993781,1,894,1
3993782,1,891,1
3993783,1,889,1
3993784,1,242,3
3993785,1,240,1
3993786,1,240,3
3993787,1,240,2
3993788,1,240,4
3993789,1,240,5
3993790,1,240,9
3993791,1,240,8
3993792,1,240,6
3993793,1,200,2
3993794,1,226,3
3993795,1,246,1
3993796,1,342,1
3993797,1,277,6
3993798,1,277,7
3993799,1,277,5
3993800,1,244,7
3993801,1,269,12
3993802,1,245,1
3993803,1,245,2
3993804,1,245,5
3993805,1,245,4
3993806,1,245,6
3993807,1,245,7
3993808,1,245,8
3993809,1,245,9
3993810,1,245,10
3993811,1,245,11
3993812,1,893,1
3993813,1,271,16
3993814,1,235,6
3993815,1,241,3
3993816,1,245,3
3993817,1,241,4
3993818,1,221,1
3993819,1,226,2
3993822,1,245,12
3993823,1,240,7
3993824,1,271,27
3993825,1,271,21
3993826,1,236,9
3993827,1,255,3
3993828,1,255,7
3993829,1,255,12
3993830,1,255,21
3993831,1,255,19
3993832,1,252,2
3993833,1,255,10
3993834,1,255,1
3993835,1,255,2
3993836,1,255,14
3993837,1,255,6
3993838,1,672,4
3993839,1,672,8
3993840,1,672,15
3993841,1,672,13
3993842,1,672,7
3993843,1,255,4
3993844,1,255,8
3993845,1,672,6
3993846,1,672,3
3993847,1,672,2
3993848,1,255,9
3993849,1,672,1
3993850,1,214,1
3993851,1,218,1
3993852,1,672,16
3993853,1,672,14
3993854,1,672,12
3993855,1,255,23
3993856,1,823,1
3993856,2,823,1
3993857,1,986,1
3993858,1,892,1
3993859,1,824,1
3993859,2,824,1
3993860,1,887,1
3993860,2,887,1
3993861,1,888,1
3993862,1,989,1
3993863,1,212,1
3993863,2,212,1
3993864,1,218,4
3993865,1,982,2
3993866,1,887,2
3993867,1,214,9
3993868,1,216,3
3993869,1,986,2
3993869,2,986,2
3993870,1,242,13
3993871,1,268,3
3993872,1,216,1
3993873,1,219,6
3993874,1,219,2
3993874,2,219,2
3993875,1,893,2
3993875,2,893,2
3993876,1,218,2
3993877,1,242,12
3993878,1,218,6
3993879,1,982,1
3993879,2,982,1
3993880,1,212,4
3993881,1,216,4
3993882,1,255,5
3993883,1,824,2
3993883,2,824,2
3993884,1,216,6
3993885,1,892,2
3993885,2,892,2
3993886,1,989,2
3993886,2,989,2
3993887,1,216,5
3993888,1,218,9
3993889,1,255,11
3993890,1,255,18
3993891,1,218,3
3993892,1,212,10
3993893,1,212,8
3993894,1,214,15
3993895,1,257,4
3993896,1,268,4
3993896,2,268,4
3993897,1,257,1
3993897,2,257,1
3993898,1,212,2
3993899,2,212,11
3993900,1,214,10
3993901,1,212,12
3993902,1,214,7
3993903,1,214,5
3993904,1,242,10
3993905,1,214,11
3993906,1,888,2
3993906,2,888,2
3993907,1,242,11
3993907,2,242,11
3993908,1,823,2
3993908,2,823,2
3993909,1,252,5
3993910,1,214,4
3993911,1,894,2
3993911,2,894,2
3993912,1,214,2
3993913,1,891,2
3993914,1,219,3
3993915,1,212,16
3993916,1,212,3
3993917,1,214,12
3993918,1,219,1
3993919,1,219,4
3993920,1,218,8
3993921,1,257,2
3993922,1,252,3
3993922,2,252,3
3993923,1,246,10
3993923,2,246,10
3993924,1,252,1
3993924,2,252,1
3993925,2,268,1
3993926,1,219,5
3993927,1,214,6
3993928,1,252,4
3993929,1,257,3
3993930,1,219,7
3993931,1,212,15
3993932,1,219,8
3993933,1,255,17
3993934,1,214,16
3993935,1,216,2
3993936,1,255,22
3993936,2,255,22
3993937,1,255,20
3993938,1,255,15
3993939,1,255,13
3993940,1,212,6
3993940,2,212,6
3993941,1,895,2
3993941,2,895,2
3993942,1,212,5
3993943,1,212,13
3993943,2,212,13
3993944,1,255,25
3993945,1,214,14
3993946,1,257,5
3993947,1,252,6
3993948,1,372,1
3993949,1,372,2
3993950,1,372,3
3993951,1,372,4
3993952,1,372,6
3993953,1,372,7
3993954,1,372,8
3993955,1,372,9
3993956,1,372,10
3993957,1,372,12
3993958,1,372,11
3993959,1,372,15
3993960,1,372,17
3993961,1,372,18
3993962,1,672,5
3993963,1,672,9
3993964,1,672,10
3993965,1,672,11
3993966,1,255,26
3993967,1,372,5
3993968,1,218,7
3993969,1,212,18
3993970,1,268,2
3993970,2,268,2
3993971,1,218,5
3993972,1,214,3
3993973,1,372,13
3993974,1,212,7
3993975,1,218,10
3993975,2,218,10
3993976,1,268,5
3993977,1,218,13
3993978,1,212,17
3993979,1,218,11
3993979,2,218,11
3993980,1,216,7
3993981,1,214,18
3993982,1,212,14
3993982,2,212,14
3993983,1,212,9
3993984,1,214,8
3993985,1,255,16
3993986,1,255,24
3993987,1,214,17
3993988,1,889,2
3993988,2,889,2
3993989,1,556,6
3993990,1,556,5
3993991,1,556,4
3993992,1,556,3
3993993,1,556,2
3993994,1,554,13
3993995,1,556,1
3993996,1,554,12
3993997,1,554,10
3993998,1,554,9
3993999,1,554,8
3994000,1,554,7
3994001,1,554,6
3994002,1,554,5
3994003,1,554,4
3994004,1,554,3
3994005,1,554,2
3994006,1,554,1
3994007,1,550,30
3994008,1,550,29
3994009,1,550,28
3994010,1,550,27
3994011,1,550,26
3994012,1,550,25
3994013,1,550,24
3994014,1,550,23
3994015,1,550,22
3994016,1,550,21
3994017,1,550,20
3994018,1,550,19
3994019,1,550,18
3994020,1,550,17
3994021,1,550,16
3994022,1,550,15
3994023,1,545,20
3994024,1,550,14
3994025,1,550,13
3994026,1,550,12
3994027,1,550,11
3994028,1,554,11
3994029,1,550,10
3994030,1,550,9
3994031,1,550,8
3994032,1,550,7
3994033,1,550,6
3994034,1,550,5
3994035,1,550,4
3994036,1,550,3
3994037,1,550,2
3994038,1,550,1
3994039,1,545,35
3994040,1,545,34
3994041,1,545,33
3994042,1,545,32
3994043,1,545,31
3994044,1,545,30
3994045,1,545,29
3994046,1,545,28
3994047,1,545,27
3994048,1,545,26
3994049,1,545,25
3994050,1,545,24
3994051,1,545,23
3994052,1,545,21
3994053,1,545,19
3994054,1,545,17
3994055,1,545,15
3994056,1,545,14
3994057,1,545,12
3994058,1,545,11
3994059,1,545,10
3994060,1,545,9
3994061,1,545,8
3994062,1,545,6
3994063,1,545,7
3994064,1,545,5
3994065,1,545,4
3994066,1,522,3
3994067,1,545,3
3994068,1,545,2
3994069,1,545,1
3994070,1,542,17
3994071,1,542,16
3994072,1,542,15
3994073,1,542,14
3994074,1,542,13
3994075,1,542,12
3994076,1,542,11
3994077,1,542,10
3994078,1,542,9
3994079,1,542,8
3994080,1,542,7
3994081,1,542,6
3994082,1,542,5
3994083,1,542,4
3994084,1,542,3
3994085,1,542,2
3994086,1,542,1
3994087,1,540,7
3994088,1,540,6
3994089,1,540,5
3994090,1,540,4
3994091,1,540,3
3994092,1,540,2
3994093,1,540,1
3994094,1,522,24
3994095,1,522,23
3994096,1,522,22
3994097,1,522,21
3994098,1,522,20
3994099,1,522,19
3994100,1,522,18
3994101,1,522,17
3994102,1,522,16
3994103,1,522,15
3994104,1,545,22
3994105,1,522,14
3994106,1,522,13
3994107,1,522,11
3994108,1,522,10
3994109,1,522,9
3994110,1,522,8
3994111,1,522,7
3994112,1,545,13
3994113,1,522,5
3994114,1,522,4
3994115,1,522,2
3994116,1,522,1
3994117,1,214,13
3994118,1,522,12
3994119,1,545,18
3994120,1,545,16
3994121,1,522,6
3994122,1,372,14
3994123,1,545,36
3994124,2,372,16
3994125,1,545,2
3994126,1,545,3
3994127,1,545,4
3994128,1,545,5
3994129,1,545,6
3994130,1,545,1
3994131,1,255,2
3994132,1,255,3
3994133,1,255,4
3994134,1,255,5
3994135,1,255,6
3994136,1,255,1
3994137,1,522,2
3994138,1,522,3
3994139,1,522,4
3994140,1,522,5
3994141,1,522,6
3994142,1,522,7
3994143,1,522,1
3994144,1,550,2
3994145,1,550,3
3994146,1,550,6
3994147,1,550,5
3994148,1,550,7
3994149,1,550,1
3994150,1,550,4
3994151,1,672,2
3994152,1,672,3
3994153,1,672,5
3994154,1,672,6
3994155,1,672,1
3994156,1,672,7
3994157,1,672,4
3994158,1,554,3
3994159,1,554,2
3994160,1,554,4
3994161,1,554,5
3994162,1,554,6
3994163,1,554,7
3994164,1,554,1
3994165,1,550,1
3994166,1,550,3
3994167,1,550,2
3994168,1,550,4
3994169,1,550,5
3994170,1,550,7
3994171,1,545,2
3994172,1,545,3
3994173,1,545,4
3994174,1,545,5
3994175,1,545,6
3994176,1,545,1
3994177,1,672,1
3994178,1,672,2
3994179,1,672,3
3994180,1,672,5
3994181,1,672,6
3994182,1,550,6
3994183,1,255,1
3994184,1,255,2
3994185,1,255,3
3994186,1,255,4
3994187,1,255,5
3994188,1,255,6
3994189,1,255,7
3994190,1,255,8
3994191,1,522,2
3994192,1,522,3
3994193,1,522,4
3994194,1,522,5
3994195,1,522,6
3994196,1,522,7
3994197,1,522,1
3994198,1,672,7
3994199,1,672,4
3994200,1,554,2
3994201,1,554,3
3994202,1,554,4
3994203,1,554,5
3994204,1,554,6
3994205,1,554,7
3994206,1,554,1
3994401,1,823,60
3994502,1,824,60
3994504,1,887,60
3994506,1,888,60
3994508,1,889,60
3994510,1,891,60
3994511,1,891,61
3994513,1,892,60
3994514,1,892,61
3994516,1,893,60
3994518,1,894,60
3994519,1,894,61
3994521,1,895,60
3997223,1,41,4
3997224,1,65,1
3997225,1,65,3
3997226,1,65,2
3997227,1,32,1
3997228,1,32,4
3997229,1,32,2
3997230,1,32,3
3997231,1,32,6
3997232,1,32,5
3997233,1,331,2
3997234,1,331,3
3997235,1,331,4
3997236,1,331,5
3997237,1,331,7
3997238,1,331,6
3997239,1,331,8
3997240,1,331,1
3997241,1,331,9
3997242,1,66,1
3997243,1,66,2
3997244,1,66,3
3997245,1,66,4
3997246,1,68,1
3997247,1,68,2
3997248,1,68,3
3997249,1,41,2
3997250,1,41,5
3997251,1,41,3
3997252,1,41,1
3997253,1,41,10
3997254,1,41,6
3997255,1,71,1
3997256,1,71,3
3997257,1,71,4
3997258,1,71,5
3997259,1,71,6
3997260,1,71,7
3997261,1,71,2
3997262,1,71,12
3997263,1,71,8
3997264,1,71,9
3997265,1,71,10
3997266,1,71,11
3997267,1,71,13
3997268,1,41,7
3997269,1,68,4
3997270,1,65,5
3997271,1,66,5
3997272,1,65,4
3997273,1,41,9
3997274,1,41,8
3997275,1,65,6
3997276,1,66,6
3997277,1,331,10
3997278,1,71,14
3997301,1,346,6
3997302,1,331,6
3997303,1,346,2
3997304,1,331,7
3997305,1,346,1
3997306,1,346,4
3997307,1,346,3
3997308,1,331,1
3997309,1,331,3
3997310,1,331,5
3997311,1,331,4
3997312,1,331,2
3997313,1,331,8
3997314,1,66,2
3997315,1,66,3
3997316,1,66,1
3997317,1,32,1
3997318,1,32,3
3997319,1,32,2
3997320,1,32,4
3997321,1,31,1
3997322,1,32,5
3997323,1,32,6
3997324,1,31,2
3997325,1,31,3
3997326,1,31,4
3997327,1,31,5
3997328,1,31,6
3997329,1,66,6
3997330,1,31,11
3997331,1,346,5
3997332,1,31,9
3997333,1,31,8
3997334,1,346,8
3997335,1,31,7
3997336,1,31,10
3997337,1,71,2
3997338,1,71,7
3997339,1,71,10
3997340,1,41,4
3997341,1,41,5
3997342,1,41,6
3997343,1,41,7
3997344,1,41,8
3997345,1,41,9
3997346,1,66,4
3997347,1,66,5
3997348,1,66,7
3997349,1,66,8
3997350,1,71,13
3997351,1,71,1
3997352,1,41,1
3997353,1,71,3
3997354,1,71,4
3997355,1,71,5
3997356,1,71,6
3997357,1,41,2
3997358,1,71,8
3997359,1,71,9
3997360,1,41,3
3997361,1,71,11
3997362,1,71,12
3997363,1,41,10
3997364,1,346,7
3997365,1,71,15
3997366,1,71,14
3998101,1,1,1
3998102,1,1,2
3998103,1,1,3
3998104,1,1,4
3998105,1,1,5
3998106,1,1,6
3998107,1,1,7
3998108,1,1,8
3998109,1,1,9
3998110,1,1,10
3998111,1,1,11
3998112,1,1,12
3998113,1,1,13
3998114,1,2,1
3998115,1,2,2
3998116,1,2,3
3998117,1,2,4
3998118,1,2,5
3998119,1,2,6
3998120,1,2,7
3998121,1,2,8
3998122,1,2,9
3998123,1,2,10
3998124,1,2,11
3998125,1,2,12
3998126,1,2,13
3998127,1,2,14
3998128,1,2,15
3998129,1,2,16
3998130,1,2,17
3998131,1,2,18
3998132,1,2,19
3998133,1,2,20
3998134,1,2,21
3998135,1,3,1
3998136,1,3,2
3998137,1,3,3
3998138,1,3,4
3998139,1,3,5
3998140,1,3,6
3998141,1,3,7
3998142,1,3,8
3998143,1,3,9
3998144,1,3,10
3998145,1,3,11
3998146,1,3,12
3998147,1,3,13
3998148,1,3,14
3998149,1,3,15
3998150,1,3,16
3998151,1,3,17
3998152,1,3,18
3998153,1,3,19
3998154,1,3,20
3998155,1,3,21
3998156,1,3,22
3998157,1,3,23
3998158,1,3,24
3998159,1,3,25
3998160,1,7,1
3998161,1,7,2
3998162,1,7,3
3998163,1,7,4
3998164,1,7,5
3998165,1,7,6
3998166,1,7,7
3998167,1,7,8
3998168,1,7,9
3998169,1,7,10
3998170,1,7,11
3998171,1,7,12
3998172,1,7,13
3998173,1,7,14
3998174,1,7,15
3998175,1,7,16
3998176,1,7,17
3998177,1,7,18
3998178,1,7,19
3998179,1,7,20
3998180,1,7,21
3998181,1,7,22
3998182,1,7,23
3998183,1,7,24
3998184,1,7,25
3998185,1,7,26
3998186,1,7,27
3998187,1,7,28
3998188,1,7,30
3998189,1,7,31
3998190,1,7,32
3998191,1,7,33
3998192,1,10,1
3998193,1,10,2
3998194,1,10,3
3998195,1,10,4
3998196,1,10,5
3998197,1,10,6
3998198,1,10,7
3998199,1,10,8
3998200,1,10,9
3998201,1,10,10
3998202,1,12,1
3998203,1,12,2
3998204,1,12,3
3998205,1,12,4
3998206,1,12,5
3998207,1,12,6
3998208,1,12,7
3998209,1,12,8
3998210,1,12,9
3998211,1,12,10
3998212,1,36,1
3998213,1,36,2
3998214,1,36,3
3998215,1,36,4
3998216,1,36,5
3998217,1,36,6
3998218,1,36,7
3998219,1,36,8
3998220,1,36,9
3998221,1,36,10
3998222,1,36,11
3998223,1,36,12
3998224,1,36,13
3998225,1,36,14
3998226,1,36,15
3998227,1,36,16
3998228,1,36,17
3998229,1,36,18
3998230,1,36,19
3998231,1,36,20
3998232,1,36,21
3998233,1,36,22
3998234,1,36,23
3998235,1,36,24
3998236,1,43,1
3998237,1,43,2
3998238,1,43,3
3998239,1,43,4
3998240,1,43,5
3998241,1,43,6
3998242,1,43,7
3998243,1,43,8
3998244,1,43,9
3998245,1,43,10
3998246,1,43,11
3998247,1,43,12
3998248,1,43,13
3998249,1,43,14
3998250,1,43,15
3998251,1,43,16
3998252,1,43,17
3998253,1,43,18
3998254,1,43,19
3998255,1,43,20
3998256,1,43,21
3998257,1,43,22
3998258,1,43,23
3998259,1,43,24
3998260,1,47,1
3998261,1,47,2
3998262,1,47,3
3998263,1,120,1
3998264,1,120,2
3998265,1,120,3
3998266,1,120,4
3998267,1,120,5
3998269,1,120,7
3998270,1,120,8
3998271,1,120,9
3998273,1,120,11
3998274,1,120,12
3998275,1,120,13
3998277,1,120,15
3998279,1,120,17
3998281,1,120,19
3998282,1,120,20
3998283,1,120,21
3998284,1,120,22
3998287,1,120,25
3998288,1,120,26
3998290,1,120,28
3998292,1,120,30
3998294,1,120,32
3998295,1,120,33
3998296,1,120,34
3998297,1,70,1
3998298,1,70,2
3998299,1,70,3
3998300,1,70,4
3998301,1,70,5
3998302,1,70,6
3998303,1,70,7
3998304,1,70,8
3998305,1,70,9
3998306,1,70,10
3998307,1,70,11
3998308,1,70,12
3998309,1,70,13
3998310,1,70,14
3998402,1,32,2
3998403,2,346,7
3998404,1,32,5
3998408,1,66,17
3998409,1,65,2
3998410,2,342,12
3998411,1,31,5
3998412,1,31,4
3998413,1,373,4
3998414,1,31,11
3998416,1,342,13
3998417,1,32,11
3998418,1,65,8
3998419,1,31,1
3998422,2,65,1
3998423,1,65,6
3998424,1,65,3
3998425,2,75,1
3998426,1,32,14
3998427,1,32,3
3998428,1,342,11
3998429,1,66,2
3998430,1,373,3
3998432,2,32,4
3998434,1,32,8
3998435,1,31,6
3998436,1,32,7
3998437,1,31,10
3998438,1,66,3
3998439,1,31,8
3998440,1,373,2
3998442,1,32,12
3998443,1,373,7
3998444,1,66,16
3998445,1,65,10
3998446,2,65,9
3998447,1,373,5
3998448,2,342,14
3998449,1,66,1
3998450,1,32,1
3998451,1,31,2
3998452,1,31,3
3998453,2,32,13
3998454,1,661,2
3998455,1,373,10
3998456,1,312,13
3998457,1,331,1
3998458,1,331,2
3998459,1,331,3
3998460,1,331,4
3998461,1,331,5
3998462,1,331,6
3998463,1,331,7
3998464,1,331,8
3998465,1,346,6
3998466,1,331,9
3998467,1,331,11
3998468,1,346,1
3998469,1,346,2
3998470,1,346,3
3998471,1,346,4
3998472,1,346,5
3998473,1,32,9
3998474,2,31,9
3998475,1,32,6
3998476,2,66,4
3998477,1,66,6
3998478,1,66,7
3998479,1,66,8
3998480,1,66,10
3998481,1,66,13
3998482,1,66,12
3998483,1,66,14
3998485,1,32,10
3998501,1,30,2
3998502,1,30,5
3998503,1,30,1
3998504,2,30,3
3998505,1,30,4
3998506,1,311,4
3998507,1,311,10
3998508,1,30,6
3998509,1,76,3
3998510,1,71,34
3998511,1,71,22
3998512,1,71,2
3998513,1,71,31
3998514,1,71,17
3998515,1,41,11
3998517,1,41,10
3998518,1,312,19
3998519,1,71,14
3998520,1,311,11
3998521,2,76,2
3998522,1,311,15
3998523,1,71,10
3998525,2,312,8
3998527,2,316,3
3998529,1,41,3
3998530,1,71,5
3998532,1,66,11
3998533,1,71,33
3998534,1,76,1
3998535,1,71,28
3998536,2,66,5
3998537,1,71,29
3998538,2,309,1
3998540,2,312,10
3998541,1,66,18
3998542,1,71,12
3998543,1,312,15
3998544,1,77,3
3998545,1,311,17
3998546,2,311,1
3998548,1,41,4
3998549,2,74,2
3998550,2,41,6
3998552,2,71,9
3998553,2,312,14
3998554,1,71,32
3998555,2,74,3
3998556,1,312,16
3998557,1,312,1
3998558,1,309,3
3998560,2,77,2
3998561,1,77,5
3998562,2,311,6
3998563,1,71,30
3998564,1,312,7
3998565,1,71,27
3998566,1,41,9
3998567,2,316,1
3998568,1,311,8
3998569,1,77,7
3998571,1,311,19
3998572,2,71,16
3998573,1,77,6
3998574,1,77,1
3998576,1,71,4
3998578,1,373,1
3998580,1,311,3
3998581,1,41,30
3998582,2,77,4
3998583,1,311,13
3998584,1,71,11
3998585,2,74,1
3998587,1,41,16
3998588,2,66,9
3998589,1,74,5
3998590,2,71,1
3998591,1,309,4
3998592,1,41,7
3998593,1,41,27
3998594,1,71,7
3998595,1,74,4
3998597,1,76,6
3998598,1,311,2
3998599,1,76,4
3998600,1,71,13
3998601,2,71,6
3998602,1,311,18
3998603,1,41,8
3998604,2,312,5
3998605,1,41,31
3998606,1,71,19
3998607,1,309,2
3998608,1,41,15
3998609,1,312,22
3998611,2,316,7
3998613,1,312,17
3998614,1,312,4
3998615,1,74,6
3998616,2,71,36
3998618,1,71,8
3998619,1,77,8
3998620,1,71,15
3998621,1,41,25
3998622,2,41,12
3998623,1,41,1
3998624,1,71,23
3998626,2,312,9
3998628,1,41,5
3998629,1,312,6
3998631,2,41,17
3998632,1,71,26
3998633,1,41,20
3998634,1,41,2
3998635,1,71,3
3998636,1,71,24
3998637,1,71,18
3998638,1,41,21
3998639,1,41,14
3998640,2,71,21
3998641,1,41,13
3998642,1,312,3
3998643,1,71,20
3998645,1,41,18
3998646,1,71,25
3998647,1,41,19
3998649,1,41,22
3998650,2,41,23
3998651,1,76,5
3998652,1,312,11
3998653,1,41,26
3998654,1,41,28
3998655,1,71,37
3998657,1,41,24
3998658,1,41,29
3998659,2,316,6
3998660,1,309,5
3998661,1,77,9
3998662,1,346,8
3998663,1,71,35
3998665,1,66,15
3999001,1,190,6
3999002,1,150,27
3999003,1,105,1
3999004,1,107,1
3999007,1,101,3
3999008,1,150,24
3999009,2,183,2
3999010,1,150,2
3999011,1,150,23
3999012,1,107,8
3999013,1,106,14
3999014,1,182,2
3999015,1,111,6
3999016,1,102,3
3999017,1,150,5
3999018,1,150,12
3999019,1,143,9
3999020,1,106,6
3999021,1,179,4
3999022,1,107,5
3999023,1,101,4
3999024,1,106,15
3999025,1,106,5
3999026,1,150,19
3999027,1,143,4
3999029,1,150,21
3999030,1,150,22
3999032,1,106,9
3999033,1,101,2
3999034,1,179,3
3999035,1,107,4
3999036,1,106,8
3999037,2,107,2
3999039,2,105,2
3999040,1,101,8
3999041,1,183,1
3999043,1,186,4
3999044,1,111,5
3999045,1,111,13
3999047,1,106,3
3999048,1,102,5
3999049,1,101,1
3999053,1,111,10
3999054,1,106,2
3999056,1,159,5
3999057,1,111,12
3999058,2,182,1
3999059,1,183,6
3999060,1,107,3
3999061,1,179,1
3999062,1,154,2
3999064,2,114,2
3999065,1,111,9
3999066,1,157,1
3999068,1,154,1
3999069,1,107,6
3999071,1,186,2
3999074,1,183,3
3999075,2,107,9
3999080,1,159,1
3999082,1,150,1
3999083,1,159,3
3999084,1,159,7
3999085,2,158,3
3999091,2,150,9
3999093,1,143,6
3999094,1,106,1
3999095,1,101,10
3999096,1,106,4
3999097,1,111,2
3999098,2,178,7
3999099,1,150,3
3999101,1,150,14
3999102,1,183,4
3999103,1,182,4
3999105,1,111,4
3999106,1,143,11
3999107,1,157,2
3999109,1,190,3
3999110,1,143,1
3999112,1,150,6
3999115,1,190,4
3999116,1,101,12
3999117,1,158,1
3999124,1,150,7
3999125,1,154,3
3999126,1,166,2
3999127,1,166,4
3999128,2,166,1
3999129,1,154,4
3999132,1,182,5
3999133,1,101,9
3999134,1,166,6
3999135,1,102,2
3999136,1,166,8
3999137,2,150,13
3999138,1,106,7
3999139,1,166,3
3999140,1,150,8
3999141,1,166,5
3999142,2,168,1
3999143,1,168,2
3999144,1,164,2
3999145,1,168,3
3999146,1,164,1
3999147,1,164,3
3999148,1,168,4
3999149,1,101,11
3999151,1,182,3
3999154,1,671,14
3999155,1,671,13
3999156,1,671,12
3999157,1,671,11
3999158,1,671,10
3999159,1,671,9
3999160,1,671,8
3999161,1,671,7
3999162,1,671,6
3999163,1,671,5
3999164,1,671,4
3999165,1,671,3
3999166,1,671,2
3999167,1,671,1
3999169,1,193,9
3999170,1,193,8
3999171,1,193,7
3999172,1,193,6
3999173,1,193,5
3999174,1,193,4
3999175,1,193,3
3999176,1,193,2
3999177,1,193,1
3999178,1,180,13
3999179,1,180,12
3999180,1,180,11
3999181,1,180,9
3999182,1,180,8
3999183,2,180,7
3999184,1,180,5
3999185,1,180,6
3999186,2,180,4
3999187,1,180,3
3999188,1,180,2
3999189,1,180,1
3999190,1,178,2
3999191,1,150,10
3999192,1,178,3
3999193,1,178,1
3999194,1,178,11
3999195,1,178,10
3999196,1,178,8
3999197,2,158,9
3999198,1,158,7
3999202,1,106,11
3999205,1,186,5
3999206,1,106,12
3999207,1,166,7
3999208,1,166,10
3999209,1,50,1
3999210,1,50,2
3999211,1,50,10
3999212,1,50,3
3999213,1,50,5
3999214,1,50,4
3999215,1,50,6
3999216,1,50,8
3999217,1,50,7
3999218,1,50,9
3999219,1,128,1
3999220,1,128,2
3999221,1,128,3
3999222,1,128,5
3999223,1,128,6
3999224,1,128,4
3999226,1,107,12
3999227,1,107,11
3999229,1,128,7
3999230,1,106,13
3999231,1,150,18
3999232,1,159,6
3999235,1,179,5
3999236,1,158,5
3999237,1,157,5
3999238,1,179,7
3999241,1,159,9
3999242,1,179,9
3999243,1,156,3
3999244,1,156,2
3999245,1,156,1
3999246,1,156,4
3999247,1,186,3
3999248,1,182,6
3999249,2,181,1
3999250,2,181,2
3999251,1,181,3
3999252,1,181,4
3999253,1,181,5
3999254,1,106,17
3999255,1,150,25
3999256,1,150,20
3999259,1,101,6
3999260,1,183,5
3999262,1,183,8
3999264,1,150,15
3999265,1,101,5
3999266,2,128,8
3999267,1,676,18
3999268,1,676,17
3999269,1,676,16
3999270,1,676,15
3999271,1,676,13
3999272,1,676,11
3999273,1,676,12
3999274,1,676,10
3999275,1,676,9
3999276,1,676,8
3999277,1,676,7
3999278,1,676,5
3999279,1,676,6
3999280,1,676,4
3999281,1,676,2
3999282,1,676,3
3999283,1,676,1
3999287,1,150,17
3999288,1,676,14
3999290,1,119,32
3999291,1,119,31
3999292,1,119,22
3999293,1,119,21
3999294,1,118,7
3999295,1,118,6
3999296,1,118,5
3999297,1,118,4
3999298,1,118,3
3999299,1,118,2
3999300,1,118,1
3999301,1,116,8
3999302,1,116,7
3999303,1,116,6
3999304,1,116,5
3999305,1,116,3
3999306,1,116,4
3999307,1,116,2
3999308,1,116,1
3999309,1,106,18
3999310,1,22,1
3999311,1,22,2
3999312,1,197,8
3999313,1,197,7
3999314,1,197,6
3999315,1,197,5
3999316,2,197,4
3999318,1,197,3
3999321,1,197,2
3999322,1,197,1
3999323,1,150,11
3999324,1,150,26
3999325,1,143,2
3999326,1,143,8
3999327,1,157,4
3999328,1,166,11
3999329,1,166,12
3999332,1,157,7
3999334,1,107,10
3999335,1,107,7
3999336,1,183,9
3999337,1,150,16
3999338,1,178,6
3999601,1,236,7
3999602,1,236,2
3999603,1,236,8
3999604,1,236,4
3999605,1,236,3
3999606,1,236,5
3999607,1,236,1
3999608,1,236,6
3999609,1,271,1
3999610,1,271,12
3999611,1,235,1
3999612,1,235,4
3999613,1,235,7
3999614,1,234,3
3999615,1,235,2
3999616,1,235,3
3999617,1,235,5
3999618,1,234,1
3999619,1,271,4
3999620,1,232,2
3999621,1,271,9
3999622,1,232,3
3999623,2,271,20
3999624,2,269,3
3999625,2,271,10
3999626,1,234,2
3999627,1,271,24
3999628,1,271,26
3999630,1,271,23
3999631,1,271,22
3999632,1,271,19
3999633,2,232,6
3999634,1,232,7
3999635,1,232,8
3999638,1,232,1
3999639,1,269,1
3999640,1,271,3
3999641,1,236,10
3999642,1,271,6
3999643,1,271,5
3999644,1,271,7
3999645,1,271,15
3999646,1,244,1
3999647,1,277,1
3999648,1,269,4
3999649,2,269,7
3999650,1,244,2
3999651,1,277,2
3999653,1,277,3
3999654,1,244,3
3999655,1,269,5
3999656,1,269,8
3999657,1,269,11
3999658,2,277,4
3999659,2,232,5
3999660,1,241,1
3999661,1,221,2
3999662,1,221,3
3999663,1,221,4
3999665,1,271,13
3999667,1,244,6
3999668,1,232,4
3999669,1,248,2
3999670,1,248,3
3999671,1,248,1
3999672,1,271,14
3999674,2,269,9
3999675,2,237,1
3999677,1,271,11
3999678,1,271,17
3999679,1,269,2
3999680,1,271,18
3999681,1,204,1
3999682,1,200,1
3999683,1,204,2
3999686,2,271,8
3999687,1,221,5
3999688,1,226,1
3999689,1,241,2
3999690,1,271,2
3999691,1,246,2
3999692,1,208,1
3999693,1,224,1
3999694,1,249,3
3999695,1,249,2
3999700,1,249,1
3999702,1,242,1
3999703,1,242,2
3999708,1,240,1
3999709,1,240,3
3999710,1,240,2
3999711,1,240,4
3999712,1,240,5
3999713,1,240,9
3999714,1,240,8
3999715,1,240,6
3999716,1,200,2
3999717,1,226,3
3999718,1,246,1
3999720,1,277,6
3999721,1,277,7
3999722,1,277,5
3999724,1,269,12
3999725,1,245,1
3999726,1,245,2
3999727,1,245,5
3999728,1,245,4
3999729,1,245,6
3999730,1,245,7
3999731,1,245,8
3999732,1,245,9
3999733,1,245,10
3999734,1,245,11
3999736,1,271,16
3999737,1,235,6
3999738,1,241,3
3999739,1,245,3
3999740,1,241,4
3999741,1,221,1
3999742,1,226,2
3999745,1,245,12
3999746,1,240,7
3999747,1,271,27
3999748,1,271,21
3999749,1,236,9
3999750,1,255,3
3999751,1,255,7
3999753,1,255,21
3999756,1,255,10
3999757,1,255,1
3999758,1,255,2
3999759,1,255,14
3999760,1,255,6
3999761,1,672,4
3999762,1,672,8
3999763,1,672,15
3999764,1,672,13
3999765,1,672,7
3999766,1,255,4
3999767,1,255,8
3999768,1,672,6
3999769,1,672,3
3999770,1,672,2
3999771,1,255,9
3999772,1,672,1
3999773,1,214,1
3999774,1,218,1
3999775,1,672,16
3999776,1,672,14
3999777,1,672,12
3999778,1,255,23
3999779,2,823,1
3999781,2,892,1
3999782,2,824,1
3999783,2,887,1
3999784,2,888,1
3999786,2,212,1
3999788,2,982,2
3999789,2,887,2
3999790,1,214,9
3999792,2,986,2
3999793,1,242,13
3999794,1,268,3
3999795,1,216,1
3999796,1,219,6
3999797,1,219,2
3999798,2,893,2
3999799,1,218,2
3999800,1,242,12
3999801,1,218,6
3999803,1,212,4
3999804,1,216,4
3999805,1,255,5
3999806,2,824,2
3999807,1,216,6
3999808,2,892,2
3999809,2,989,2
3999810,1,216,5
3999811,1,218,9
3999812,1,255,11
3999813,1,255,18
3999815,1,212,10
3999817,1,214,15
3999818,1,257,4
3999819,2,268,4
3999820,1,257,1
3999821,1,212,2
3999822,2,212,11
3999823,1,214,10
3999824,1,212,12
3999825,1,214,7
3999826,2,214,5
3999827,1,242,10
3999828,1,214,11
3999829,2,888,2
3999831,2,823,2
3999832,1,252,5
3999833,1,214,4
3999834,2,894,2
3999835,1,214,2
3999836,2,891,2
3999837,1,219,3
3999838,1,212,16
3999839,1,212,3
3999841,1,219,1
3999842,1,219,4
3999843,1,218,8
3999844,1,257,2
3999845,1,252,3
3999846,2,246,10
3999847,1,252,1
3999848,2,268,1
3999850,1,214,6
3999851,1,252,4
3999852,1,257,3
3999856,1,255,17
3999858,1,216,2
3999860,1,255,20
3999861,1,255,15
3999862,1,255,13
3999863,1,212,6
3999864,2,895,2
3999865,1,212,5
3999866,2,212,13
3999868,1,214,14
3999869,1,257,5
3999871,1,372,1
3999872,1,372,2
3999873,1,372,3
3999874,1,372,4
3999875,1,372,6
3999877,1,372,8
3999879,1,372,10
3999881,1,372,11
3999884,1,372,18
3999885,1,672,5
3999886,1,672,9
3999887,1,672,10
3999888,1,672,11
3999890,1,372,5
3999892,1,212,18
3999893,1,268,2
3999894,1,218,5
3999895,2,214,3
3999897,1,212,7
3999899,1,268,5
3999900,1,218,13
3999903,1,216,7
3999906,1,212,9
3999908,1,255,16
3999910,1,214,17
3999911,2,889,2
3999978,1,545,15
3999986,1,545,7
4000017,1,522,24
4000027,1,545,22
4000033,1,522,8
4000040,1,214,13
4000045,1,372,14
4000047,2,372,16
4008601,1,167,1
4008602,1,167,3
4008603,1,167,4
4008605,1,113,6
4008606,1,113,2
4008607,1,113,4
4008608,1,113,1
4008609,1,37,2
4008610,1,37,1
4008611,1,37,3
4008612,1,37,6
4008613,1,37,7
4008614,1,113,5
4008615,1,125,1
4008616,1,125,2
4008617,2,125,3
4008618,1,125,4
4008620,1,37,8
4008621,1,37,4
4008622,1,37,5
4008623,1,24,3
4008624,1,24,8
4008625,1,24,10
4008626,1,24,1
4008627,1,24,2
4008628,1,24,4
4008629,1,24,5
4008630,1,24,6
4008631,1,124,1
4008632,1,124,2
4008633,1,24,16
4008634,1,124,3
4008635,1,124,4
4008636,1,24,18
4008637,1,24,21
4008638,1,24,22
4008640,1,122,7
4008641,1,123,6
4008642,1,121,1
4008644,1,121,2
4008645,1,122,6
4008647,2,121,11
4008648,1,121,14
4008649,1,121,3
4008650,2,121,4
4008651,1,121,12
4008652,1,121,5
4008654,1,122,1
4008655,1,122,5
4008656,1,121,13
4008657,1,121,9
4008658,1,123,2
4008659,1,122,2
4008660,1,121,10
4008661,1,123,4
4008662,1,113,3
4008664,1,122,3
4008665,1,121,6
4008667,1,121,8
4008668,1,26,16
4008669,1,64,14
4008670,1,64,13
4008671,1,64,12
4008672,1,64,11
4008673,1,64,10
4008674,1,64,9
4008675,1,64,8
4008676,1,64,6
4008677,1,64,5
4008678,1,64,4
4008679,1,64,3
4008680,1,64,2
4008681,1,64,1
4008682,1,64,7
4008683,1,125,5
4008684,1,29,1
4008685,1,29,11
4008686,1,29,9
4008687,1,29,2
4008688,1,29,7
4008689,1,29,13
4008690,1,29,3
4008691,1,29,10
4008692,1,29,4
4008693,1,29,8
4008694,1,29,12
4008695,1,29,5
4008696,1,29,6
4008697,1,24,7
4008698,1,19,3
4008699,1,24,9
4008700,1,24,12
4008701,1,24,11
4008702,1,19,4
4008703,1,24,19
4008704,1,19,2
4008705,1,24,15
4008706,1,99,3
4008707,1,99,2
4008708,1,99,1
4008709,1,99,4
4008710,1,8,1
4008711,1,8,2
4008712,1,8,15
4008713,1,8,3
4008714,1,8,17
4008715,1,8,4
4008716,1,8,6
4008717,1,8,5
4008718,1,8,7
4008719,1,8,8
4008720,1,8,9
4008721,1,8,10
4008722,1,8,11
4008723,1,8,16
4008724,1,8,19
4008725,1,8,12
4008726,1,8,13
4008727,1,8,14
4008728,1,8,18
4008729,1,28,6
4008730,1,28,5
4008731,1,16,14
4008732,1,28,18
4008733,1,26,2
4008734,1,28,34
4008735,1,28,21
4008736,1,28,28
4008737,1,28,10
4008738,1,28,25
4008739,1,26,9
4008740,1,26,11
4008741,1,26,22
4008742,1,26,21
4008743,1,28,4
4008744,1,28,36
4008745,1,28,14
4008746,1,28,3
4008747,1,26,15
4008748,1,28,27
4008749,1,28,11
4008750,1,26,3
4008751,1,28,22
4008752,1,28,12
4008753,1,26,17
4008754,1,28,16
4008755,1,28,20
4008756,1,26,18
4008757,1,26,8
4008758,1,26,5
4008759,1,26,23
4008760,1,28,24
4008761,1,28,9
4008762,1,26,24
4008763,1,26,4
4008764,1,28,8
4008765,1,28,26
4008766,1,28,2
4008767,1,26,19
4008768,1,26,6
4008769,1,26,13
4008770,1,28,17
4008771,1,26,20
4008772,1,28,13
4008773,1,26,10
4008774,1,28,33
4008775,1,28,31
4008776,1,26,1
4008777,1,28,15
4008778,1,26,14
4008779,1,26,7
4008780,1,28,35
4008781,1,28,32
4008782,1,28,19
4008783,1,26,12
4008784,1,28,29
4008785,1,28,1
4008786,1,28,7
4008787,1,28,23
4008788,1,9,1
4008789,1,9,2
4008790,1,9,3
4008791,1,9,4
4008792,1,9,5
4008793,1,9,6
4008794,1,9,7
4008795,1,9,8
4008796,1,9,9
4008797,1,9,10
4008798,1,9,11
4008799,1,9,12
4008800,1,9,13
4008801,1,11,5
4008802,1,11,6
4008803,1,11,3
4008804,1,11,7
4008805,1,11,2
4008806,1,11,1
4008807,1,11,4
4008808,1,16,1
4008809,1,16,2
4008810,1,16,3
4008811,1,16,4
4008812,1,16,5
4008813,1,16,6
4008814,1,16,9
4008815,1,16,7
4008816,1,16,8
4008817,1,16,10
4008818,1,16,11
4008819,1,16,12
4008820,1,16,13
4008821,1,16,15
4008822,1,16,16
4008823,1,16,17
4008824,1,25,2
4008825,1,25,1
4008826,1,25,5
4008827,1,25,3
4008828,1,25,4
4008829,1,99,5
4008830,1,28,30
4008831,1,19,1
4008832,1,33,15
4008833,1,33,8
4008834,1,33,4
4008835,1,33,13
4008836,1,33,3
4008837,1,33,14
4008838,1,33,6
4008839,1,33,2
4008840,1,33,11
4008841,1,33,1
4008842,1,33,5
4008843,1,33,7
4008844,1,33,12
4008845,1,33,10
4008846,1,33,9
4008847,1,24,14
4008848,1,24,13
4008849,1,24,17
4008850,1,24,20
4017302,1,5,19
4017303,1,5,7
4017304,1,5,1
4017305,1,5,4
4017306,1,5,10
4017307,1,5,9
4017308,1,5,2
4017309,1,5,12
4017310,1,5,16
4017311,1,5,5
4017312,1,5,15
4017313,1,5,18
4017314,1,5,13
4017315,1,5,23
4017316,1,18,12
4017318,1,301,7
4017319,1,301,6
4017320,1,303,4
4017321,1,5,6
4017322,1,56,3
4017323,1,301,11
4017324,2,48,6
4017325,1,15,12
4017327,2,301,14
4017328,1,55,12
4017329,1,18,16
4017330,1,17,8
4017331,1,44,1
4017332,1,21,7
4017333,1,56,1
4017334,2,987,2
4017335,2,355,1
4017336,1,18,10
4017337,1,56,2
4017338,1,5,24
4017339,1,44,2
4017340,1,17,1
4017341,1,18,1
4017342,1,21,2
4017343,1,57,11
4017344,1,44,3
4017346,1,301,4
4017347,1,15,10
4017348,1,303,10
4017350,2,988,2
4017351,1,15,13
4017352,1,57,2
4017353,1,18,15
4017354,1,301,13
4017355,1,17,6
4017356,1,21,5
4017357,1,301,5
4017361,2,48,10
4017362,1,17,3
4017363,1,18,13
4017364,1,5,14
4017365,1,21,8
4017366,1,56,6
4017370,1,56,9
4017371,1,55,2
4017372,1,303,1
4017373,1,18,3
4017374,1,56,8
4017375,2,994,2
4017376,1,5,11
4017377,1,57,1
4017378,1,303,3
4017379,1,303,13
4017381,1,301,12
4017382,1,301,8
4017384,1,21,3
4017385,1,21,6
4017386,1,301,10
4017387,1,303,11
4017389,1,18,2
4017390,2,55,11
4017391,1,303,8
4017394,1,303,6
4017395,1,17,9
4017396,1,21,9
4017397,1,301,2
4017398,1,303,15
4017399,1,21,4
4017400,1,301,19
4017401,2,355,3
4017402,1,55,3
4017403,1,17,2
4017404,1,301,9
4017405,1,301,17
4017406,1,5,27
4017407,1,301,1
4017408,1,301,16
4017409,1,301,3
4017410,1,981,1
4017413,1,301,18
4017414,1,17,7
4017415,1,301,15
4017416,1,56,4
4017418,1,5,3
4017419,1,57,10
4017420,1,15,2
4017421,1,15,14
4017422,1,5,26
4017425,1,48,1
4017426,1,48,2
4017427,2,48,3
4017428,1,48,15
4017429,1,48,4
4017430,1,48,5
4017431,1,48,7
4017432,1,48,8
4017433,1,48,9
4017434,1,48,11
4017435,1,48,12
4017436,1,48,14
4017438,1,48,18
4017440,2,48,24
4017441,1,48,25
4017443,1,48,27
4017444,1,48,28
4017445,2,48,29
4017446,2,48,30
4017447,1,48,32
4017451,1,55,13
4017452,1,301,20
4017453,1,18,4
4017454,1,5,20
4017455,1,56,7
4017456,1,18,11
4017457,1,56,5
4017458,1,48,20
4017459,1,55,14
4017461,1,15,1
4017462,1,15,11
4017463,1,57,3
4017464,1,18,14
4017465,1,55,1
4017466,1,55,10
4017470,1,40,1
4017471,1,40,3
4017472,1,40,2
4017473,1,40,4
4017474,1,40,7
4017475,1,40,5
4017476,1,40,9
4017477,1,40,6
4017478,1,40,8
4017479,1,40,13
4017480,1,40,10
4017481,1,40,11
4017482,1,40,16
4017483,1,40,12
4017484,1,40,17
4017485,1,40,14
4017486,1,40,15
4017487,1,40,18
4017488,1,40,21
4017489,1,40,23
4017490,1,40,22
4017491,1,40,24
4017492,1,40,25
4017493,1,40,26
4017494,1,40,27
4017495,1,40,28
4017496,1,40,30
4017497,1,40,29
4017498,1,40,33
4017500,1,40,36
4017501,1,5,17
4017502,1,48,13
4017503,1,5,25
4017504,1,5,28
4017505,1,5,31
4017507,1,55,15
4017509,1,48,23
4017510,1,17,4
4017511,1,5,22
4017512,1,60,1
4017513,1,60,2
4017514,1,60,3
4017515,1,60,4
4017516,1,60,5
4017517,1,60,6
4017518,1,60,7
4017519,1,60,8
4017520,1,60,9
4017521,1,60,10
4017522,1,60,11
4017523,2,60,12
4017524,1,15,3
4017526,1,40,19
4017527,1,673,1
4017528,1,673,2
4017529,1,673,3
4017530,1,673,4
4017531,1,673,5
4017532,1,673,6
4017533,1,673,7
4017534,1,673,8
4017535,1,673,9
4017536,1,673,10
4017537,1,673,11
4017538,1,673,12
4017539,1,673,13
4017540,1,673,14
4017541,1,673,15
4017542,1,673,16
4017543,1,673,17
4017544,1,673,18
4017545,1,673,19
4017546,1,673,20
4017547,1,673,21
4017548,1,673,22
4017549,1,673,23
4017550,1,673,24
4017551,1,673,25
4017552,1,673,26
4017553,1,673,27
4017554,1,673,28
4017555,1,673,29
4017556,1,673,30
4017557,1,673,31
4017558,1,673,32
4017559,1,673,33
4017560,1,673,34
4017561,1,673,35
4017562,1,673,36
4017565,1,15,4
4017566,1,48,31
4017567,1,5,30
4017568,1,40,34
4017569,1,675,1
4017570,1,675,2
4017571,1,675,4
4017572,1,675,5
4017573,1,675,3
4017574,1,675,6
4017575,1,675,7
4017576,1,675,8
4017577,1,675,9
4017578,1,675,10
4017579,1,675,11
4017580,1,675,12
4017581,1,675,13
4017582,1,675,14
4017583,1,675,15
4017584,1,675,16
4017585,1,675,17
4017586,1,675,18
4017587,1,675,19
4017588,1,675,21
4017589,1,675,22
4017591,1,675,20
4017594,1,675,27
4017595,1,675,24
4017596,1,675,29
4017597,1,675,30
4017598,1,675,31
4017599,1,675,32
4017600,1,675,33
4017601,1,675,34
4017602,1,675,35
4017603,1,675,36
4017604,1,675,37
4017605,1,675,38
4017606,1,675,39
4017607,1,675,40
4017609,1,5,29
4027144,1,599,6
4027145,1,599,5
4027146,1,599,10
4027148,1,599,7
4027149,1,599,1
4027150,1,599,3
4027151,1,599,4
4027152,1,599,11
4027153,1,599,2
4027154,1,599,14
4027155,1,599,12
4027156,1,599,8
4027157,1,599,13
4027158,1,599,15
4027159,1,599,18
4027160,1,599,16
4027161,1,599,19
4027162,1,599,17
4027163,1,599,20
4027167,1,599,1
4027168,1,599,2
4027169,1,599,5
4027170,1,599,3
4027171,1,599,7
4027172,1,599,8
4027173,1,599,9
4027174,1,599,10
4027175,1,599,6
4027177,1,599,1
4027178,1,599,2
4027179,1,599,6
4027180,1,599,3
4027181,1,599,7
4027182,1,599,8
4027183,1,599,10
4027184,1,599,4
4027185,1,599,9
4044701,1,930,1
4044702,1,930,2
4044703,1,930,4
4044704,1,930,5
4044705,1,930,3
4044706,1,930,6
4044707,1,917,1
4044708,1,914,1
4044709,1,914,2
4044710,1,914,3
4044711,1,910,1
4044712,1,908,1
4044713,1,913,1
4044714,1,913,2
4044715,1,913,3
4044716,1,913,4
4044717,1,907,1
4044718,1,907,2
4044719,1,907,3
4044720,1,915,1
4044721,1,931,2
4044722,1,931,3
4044723,1,931,4
4044724,1,931,7
4044725,1,931,8
4044726,1,931,1
4044727,1,975,1
4044728,1,975,2
4044729,1,906,1
4044730,1,906,2
4044733,1,973,1
4044734,1,773,2
4044735,1,773,1
4044736,1,931,6
4044737,1,931,5
4044738,1,628,2
4044739,1,628,3
4044740,1,628,4
4044741,1,628,5
4044742,1,628,6
4044746,1,630,2
4044747,1,630,3
4044748,1,630,4
4044749,1,630,5
4044750,1,630,6
4044751,1,630,1
4044752,1,631,1
4044753,1,901,1
4044754,1,903,1
4044755,1,903,2
4044756,1,903,3
4044757,1,903,4
4044758,1,903,5
4044759,1,903,6
4044760,1,903,7
4044761,1,903,8
4044762,1,903,9
4044763,1,628,1
4044764,1,973,2
4044765,1,773,4
4044766,1,773,3
4044767,1,914,2
4044768,1,914,1
4044769,1,914,3
4044770,1,917,1
4044771,1,910,1
4044772,1,908,1
4044773,1,915,1
4044774,1,906,1
4044775,1,906,2
4044776,1,903,2
4044777,1,903,1
4044781,1,903,1
4044782,1,903,2
4045601,1,599,5
4045602,1,599,4
4045603,1,599,9
